0.009661103716945736
24.1679765828474
25.5058165344036
23.565888685372677
26.417151638828006
24.499868572463303
26.932141572918272
24.996448067891965
23.074279049809103
27.516263202781605
25.53811869432588
25.028666905358634
24.796358261897723
25.64633370835983
24.807651132942574
24.24649393592545
27.198122077905236
24.653668686702442
25.205699416476865
25.22662015457252
21.834302461777124
27.77997522899929
24.552071321114774
24.887433172532056
27.5487947454844
24.63267439538626
27.221069164021987
24.860880440516624
23.908568040996176
26.90847035727804
25.115442422500465
25.26263039969162
24.78610093369578
23.7726515297505
26.470335052034358
21.966952450284648
29.76668133365506
25.294471682979633
22.3522164074907
25.49573886085952
27.749282170029772
25.149778441354417
25.796496752607755
24.724880481493052
24.74063150692204
23.49302653836244
27.043799526735572
23.245641065431126
27.995247693930132
19.637633728960367
29.68620123435819
28.947196245557127
24.427810974828482
25.425109264277097
22.630200549257854
27.859873796081036
23.88378992443612
25.049294681143323
22.3871728768688
33.45300249643082
21.56432324603346
27.327660572575287
27.54047381415139
26.328600303817808
23.446667449283627
26.955334764334648
24.93863305288819
25.406166333515053
24.484136666919625
20.717625499503583
32.29990373878557
25.266739356991824
23.8514651608464
26.277630548507346
24.515190835232918
30.51423749036041
24.699400520569565
20.569892842254973
26.954815076636354
30.67289733295306
25.638495299338608
22.679882120745127
26.938887711388144
25.558972108980335
26.506970688979614
27.995808275318886
21.28677716988601
28.874857150724917
24.896296692012275
14.588376056484991
71.74042589583512
19.505034017401655
42.24339050650122
25.102365220722014
39.69247657802593
22.12629113429907
27.095687227060132
27.363317284482196
24.75406488470777
24.26894101581938
26.2720342751912
24.912858831425705
25.33144096100304
24.760933219986775
22.53766214226607
28.478435632808257
25.41540326001333
24.790788944842422
22.94627656082456
28.268266217354675
25.303322253123472
25.276636775624336
25.009713369149768
25.436056666019795
22.84404649085542
25.364069567741467
24.465427734807918
28.85499250127272
20.479500012206735
31.211799199297523
23.393573647604757
28.284660359163524
26.676401936029613
25.020902930228118
25.233753263786113
24.20367933891928
25.702597036510486
25.22828924416856
25.090802500523434
25.236941701715434
24.811760182200008
25.24089040807361
24.68094220935501
25.792213701965945
25.2240410868284
25.098009179197806
24.950204334144324
24.40691537338012
26.455809259492874
23.99391328722534
23.442867043752376
31.245048011382682
25.60500097675327
25.158980757234033
25.201307440876754
24.09231847345959
27.000102997219074
24.722694425124075
25.545273492456957
25.23360145350411
25.145405930384527
28.848046329603214
25.61016028087315
25.353643793220176
26.63236162525637
25.25624134401156
24.73567068675729
21.92171681536186
28.22109633098511
27.1669408640456
25.35609614547565
25.189804694068755
25.184510907093063
24.627612163772906
23.55093629804318
27.555853387731503
23.095115907714334
27.35582165870966
25.79697273493287
25.16501871940098
18.956877810670946
36.57812622637725
25.53532008158047
27.198651189935802
20.853903981544093
27.726719242693672
27.570343979859462
25.69803020555709
25.242713304726195
24.783464706507996
24.48899709819995
22.723132682858118
29.579221292110663
24.5443129085302
25.14374778944087
24.795332147058648
23.949386748281295
27.52023515825941
25.194192660936213
11.594995217480248
72.88230898886167
50.53926329361015
25.183150007204958
24.969662332714197
24.986024567214326
23.83804489911907
26.914341082784155
25.398012631476963
19.657052874295836
35.73909116471681
25.81443755808443
24.40492718037041
25.582511954718456
22.85774076819113
24.972189641519655
27.63865441006886
25.397551257675026
23.02475228501633
27.805573970459548
25.356556014339866
25.219187801387736
24.23346564285673
24.07144004958564
26.508813510045947
25.577675734679815
25.39263097991258
25.145707434052756
24.811613407001644
25.27419976860779
25.082249943189293
24.063430138495256
26.601282400918357
23.99761986497311
25.98089669098973
25.517920263799912
24.171597837738155
25.328381552805908
25.548541146372663
23.6704214542089
27.293872663855485
26.30762765550419
27.345299022707863
22.836583798852264
27.31715958603891
25.538429689164918
25.092153437507477
24.82762213132706
25.284712719205704
24.4732791467065
25.52211269319703
25.211608280637638
25.201156020741077
23.83723203528155
27.30666666666667
24.585459639744197
19.96888241399339
35.026965635308365
25.806813637118754
21.87621069321803
28.300691609594818
25.933187003431538
26.25690336231775
25.039574465544725
25.7210383334662
24.72473473237444
25.2418018234887
24.920555888941042
23.875768477617378
27.28570499225855
24.04921877239758
22.393627301800866
30.108566752329406
25.34031742579402
24.515620707593214
25.385715063883357
26.390889070660037
25.11153286594383
23.726928168169525
26.553958747483446
25.28501757283836
24.874887317929495
25.135159105890814
25.24043472504724
24.973379140344505
25.606720513806724
25.057375678065334
25.362075742092312
23.15376207562793
27.409093879471463
25.205699416476865
22.979465714097874
25.839883192971865
23.07834182522477
29.903778696706116
23.1215973363028
25.450256061746074
27.953267976034176
24.584739106479255
24.560841355725763
26.067444780052455
25.12732893207606
25.31813791771296
24.574512090088295
24.98260159986658
23.82247465424701
26.984469292432802
24.345007719721856
24.56343043208358
25.357475802112365
24.137517480304087
26.141530483776474
27.04327642234487
24.53469354329235
24.96238059812528
24.775705737457987
26.142996939608693
23.117774152299486
24.530532275138466
28.167272190024647
25.31936060269474
25.119954962238953
25.098309547317715
24.76385707200718
23.87318644665919
25.00017285466499
28.173137376071363
22.899422369268734
26.84457643173498
27.454125347733594
24.975758477982552
24.01644497632313
26.98828919259774
25.289286295695586
23.333318498408953
26.788340188539458
24.829238838307898
23.49065818361038
27.386722907457347
25.369746018496677
25.238915900447697
24.723860273746507
25.111382522690807
25.4497927879277
23.46568797484643
24.190976047248
27.87876209720302
23.07313665194215
27.747813546090846
25.052586309879345
25.350272583316208
25.035090756071792
24.796065077563377
24.7642957093683
26.674196461505197
25.222220885900875
25.298896193980337
24.765173030709185
25.921647394735704
25.34184847953888
24.76239505968757
25.14962763979997
20.391781647754343
32.76672004999805
24.694892401895846
19.03421735736717
35.00416447593534
27.46329326104607
21.45116811914406
30.346448261391753
24.06384431350725
26.45263908072074
25.00852040664222
23.46398142709295
26.936119656033856
22.64779667057242
28.334914136705713
17.256604472238795
44.827702666595414
22.99067613122482
23.565623876303487
25.747248362522484
33.35961186669848
26.37363079593043
23.791125203491834
26.91157806935934
25.344451695550237
24.556814988290398
24.799730380128544
26.28174697662761
24.82233256200695
25.43096726470178
22.581830320128354
25.77873930573311
27.902872576803844
25.217519915827445
23.454140804115642
25.576739903286196
27.372067374521155
24.74121526364532
24.764588142908593
25.5137292115284
25.10116340307368
25.095306189607204
25.333276960710297
25.254568553898398
23.31230894073967
26.342986703848158
25.01821652251715
24.388891473228824
26.780472231799667
25.03927550161484
25.263086884505345
25.12461962381694
25.179370501329714
24.828063030532633
25.21706507623491
24.843357223242315
23.300006110669784
24.79049589219221
27.91401456162068
25.715991931379943
24.11240140731713
26.291137256868485
23.701721273493746
26.023937308821065
28.092375288003
24.262342875984103
26.14658230215379
24.412597710248008
28.461623022793432
23.97389013049219
26.096638916887546
25.02971242383916
23.97786467265784
26.50445816403263
25.475452651526656
25.16667966710868
21.234939423549125
29.912949214431915
23.33318869362528
27.341733864396392
23.562843740344373
26.405842357088893
24.235005893637183
24.75669486073155
28.508438402718777
24.668313454254594
24.895114524658858
24.647583900899683
23.479217863960276
21.20873975415017
27.95960350102991
29.11983115332278
26.52943706514864
23.687933809617938
26.611915487595965
24.572352541419633
24.972933065005893
26.247701771622747
23.802736492046467
25.8052258870288
25.70322707161329
24.19474376427698
24.72473473237444
32.56700054352046
24.518773565603716
25.48783733691458
25.686226958172576
25.047200458627938
24.49643443269225
24.492858227345454
26.260355622339095
25.371434101962304
25.047948355041175
23.22170302292105
25.133954146142692
25.373429399345444
27.445681904437844
25.336643651498402
22.106232936637607
21.517968818136577
33.410100366417076
26.797753598650626
24.97412263465638
20.91557084798165
16.764810040569976
39.50666402931231
37.75489004707767
27.58847866553532
25.81443755808443
31.38298079297264
21.817379815444795
28.503982385081688
25.19025855079427
23.34916552545732
28.697053873205707
21.922518868516235
30.90227513851232
24.980964860035737
25.655746128061462
25.166377660308527
25.384485962077335
24.58373043085814
24.99346903751728
25.21236602768711
24.704637821154684
25.527860112109945
25.525529765454788
22.841060828840604
27.604638612101986
26.004414354090716
24.6587416369772
26.288006417970315
22.84218036063413
28.277414091837628
28.166137274784607
24.633397741221245
24.580993014206012
24.625732436209063
23.66374417476276
24.99183087345898
24.16366035061845
28.214262170470676
26.01473689433597
26.37744558552553
25.484430348213362
25.370973693283894
24.6967827029064
23.86938236616416
26.7965551608699
25.361769027506515
25.215549062751748
20.437388842598683
31.57885860563168
26.49491491162685
24.98200639693138
24.201165541515206
26.427971040974878
24.388182415499386
23.724512421376534
24.985280364089093
24.447744838600624
25.94297165901753
24.670925239691783
28.79575990168684
22.484502149649945
28.274364142561495
25.375578532146726
17.739701229931143
30.663703357117793
33.56812779614083
24.515190835232918
26.210796015547864
21.898597108592252
26.730976113391286
24.285522384602913
29.14795999916607
26.45147131163049
29.39369560037563
22.199601981623406
26.258054014799605
26.89742652481451
23.152995208549537
28.361354538569728
25.26887045371023
25.32027769393299
25.168944949173696
24.885808878499127
24.77746205967663
25.371127160986706
25.62893892640005
25.20797172873044
24.094532879128202
25.25167971101746
25.837495533899244
25.225558121632023
25.156566383570844
23.63494156495475
26.375952710350898
19.77447231821675
32.39470167986098
26.58661257606491
25.260043963985666
24.64700455413545
25.349506524274897
24.95168860836303
25.420024242424244
25.3685184625155
24.912266947013297
24.89038697770472
24.770291977700087
25.460916016632773
24.055839455829133
24.40151960299499
27.162190691439413
25.377113849914387
23.66494580702675
26.27680741761684
22.580857730449107
25.24073851190333
29.755911377228518
24.6623664512639
25.11514164416208
6.136482210026876
19.751750639271773
41.14604118229887
24.631806436457598
24.954063814470405
23.238557474416723
27.90918527587767
25.236789853066824
21.850796032341417
30.340960221066414
26.57650487897605
23.876991739865538
26.80391868661371
25.294014063272666
24.661496398647657
23.677503485884287
23.603419265161875
27.08239061935017
19.32609617192252
38.92661648832008
25.128382709762455
21.935933307880987
27.664723108988735
26.176444155973837
25.191015015015015
24.79679805139908
25.202821742317724
25.20994139744553
25.343839126021173
25.965777678726198
3.5676589721735965
25.25700177641285
25.23011032109816
25.107774824605514
25.12070720985111
24.86898776207191
24.459720780508288
4.190344124802062
22.796617170685046
28.90769368611856
3.087715991943368
23.079611735962846
27.6899269841689
8.382807097488538
27.14109889541016
25.1802774792731
6.254395578996656
25.071904645199083
6.02417827058004
27.16518134715026
31.699623622594736
23.981017832945493
26.934735841665542
24.494145540975374
25.421564943329898
22.15609565414908
26.53967691519182
29.071592444983537
8.267228550422693
24.74822249364228
26.306637648254192
25.39770504707984
24.179819327464646
21.86218543460584
14.021863696235032
172.64062564313645
33.80267887364807
26.40085604582363
25.052586309879345
24.22898602630682
25.538429689164918
6.239249083295524
25.64319776968037
26.139086756283458
25.003153483436762
23.282157745446874
25.93543200944837
25.924531334021474
6.326756135860031
25.288981339121523
23.655869828826035
26.546227848101267
25.193587333241233
24.78331826588434
23.670154290680482
27.592471498398123
25.190863718536225
25.078950515414604
24.88964846068029
19.480121869658912
32.24948868966153
26.92747314830865
25.39432211034892
6.196561851801512
19.156534170057867
26.206865526161227
20.560313725490197
51.448702222658355
4.113413719211702
18.462389020208555
6.96165062482676
26.67843808239567
4.219371284803015
25.25913123076645
23.867344964548693
4.1930083604166315
24.970108291213467
25.311873510153585
25.16290510300805
25.255633031058444
23.301041637732286
26.88277294227737
24.6587416369772
19.715170744318314
31.933001895741814
27.907142619514953
24.72706692449182
25.002408259615155
22.75925986217375
24.616482574859436
1.044978921308127
19.47134985074904
41.491200823037126
8.151022010439704
28.255316855628084
23.819363045749853
4.075859522282471
25.147365833478226
6.6103456862504055
25.09815936235908
25.207820228500683
1.9005401692237214
27.32659230689044
25.179672820051028
24.853220196370057
27.402647293253715
6.218094916178921
22.379647415375423
2.749505072515071
31.097021011580836
26.333228694483857
0.8631976210894724
22.795006548877453
6.3874854563507775
23.391355752607218
0.3429831582452441
24.67382787222778
4.986439863899318
0.10588503425286583
29.3794890833059
0.1581556093905949
34.047715299255614
24.474135969237413
26.4935760577081
24.767366606041996
24.86928267340235
24.761225574118896
25.599375015258417
24.209966117739413
25.068907603206007
25.787932073337185
23.505402376148847
22.187506281772546
31.347329242681294
25.390017857683343
22.52229244639664
27.365995289266444
22.599107739390934
29.790571974458956
25.72640230625326
24.303393768723094
24.7366918694488
25.90787742521295
24.797091253066895
25.779214632977055
23.564167532795864
20.049541819433358
33.07602044035077
19.689164702900115
56.414483240974874
30.999342217097922
28.08353476039665
24.646425234605914
27.666365441317126
25.298743598868455
25.23011032109816
24.103948646334384
21.827598409625512
29.162957246059392
25.40247344259118
24.006685211259544
27.615725469281873
24.93507481763758
24.28917895322037
26.227185753054613
25.435131168815417
25.204639144282194
25.098309547317715
22.773841843494125
26.835473489574337
23.869246528568176
26.566573135122468
28.041852473374206
24.848066920224174
25.191015015015015
17.645219644765294
23.1549124715001
50.56668193764618
22.606659695796996
22.95418798741278
28.37248190489075
20.26723363131191
20.11762730887481
45.75937159066114
29.009260988345957
25.477773863180786
25.123265188770223
25.168793917682287
24.49128502776529
26.482034056685375
25.278464839324027
25.006731176256654
24.44760233849956
25.52832623250152
20.629889037538366
32.1060632736013
25.77097810793042
24.72080015559891
22.653912836826954
27.394593323623347
25.011055588021325
25.762113888052873
25.376806771498238
24.57004944115097
25.785712529202016
24.846447760486704
25.365296693195287
24.35363042531572
24.661641403153922
26.85437328330783
25.2891338164892
24.363391342735657
23.776155276404698
26.54992467305574
25.26704377737215
24.65830673086533
25.49527392971984
24.776291150531346
25.27328601212355
24.129741173492576
27.483988493470243
23.233794578066316
26.855061050178318
25.649470414128814
25.16909598247772
24.251540907776814
27.018365230386696
22.864718709114698
25.94666287248455
25.364222951929996
25.25380826800573
25.27724610081238
21.68405815083649
29.29883483751991
25.87192045300337
22.99735719533726
28.70726732646161
25.53703027203429
23.814629548667693
25.870324681732953
24.804276860481618
25.099661292832096
25.536097412480974
24.523217605856146
24.98022095827998
22.0577541006884
30.517789839782303
26.189029377790266
25.15837712037237
25.368365026370544
25.237549114583647
24.09785525098677
25.729400795013987
25.39293844142006
25.017321181466812
22.929592556349462
26.753823975914372
22.34280996137968
27.808523616304665
27.314669011103515
24.09785525098677
25.625024437927664
23.69221557562714
25.39278470973562
25.439142143186395
26.829637116119002
25.4559711592734
24.838649311271926
22.020696063967744
25.921807596751666
27.17961611736803
26.9525633281497
25.648999859350443
25.50535123564896
24.33893308729233
26.077168898670745
23.75030577576444
25.902117594748315
23.454534270551985
25.071904645199083
27.433116186589228
25.3835642138262
24.88728550067643
24.254345689007113
26.463988491460082
25.21206292340152
24.512038898499227
24.965649422926973
22.771245378488867
27.213474689539726
24.85233662580213
27.085188820581703
24.799730380128544
25.013889634360893
25.28791404902871
25.01955965426119
25.202367432777528
24.99019292412922
25.48644345871058
24.252101812126327
26.27433833432518
25.226468430105975
24.842915780682688
25.16471675246289
25.23117273738984
25.17060641521889
23.471203133743703
24.218633253457284
24.62298565817977
27.54372923206241
25.929980526104295
25.22297927102815
25.410168177191878
24.365655861508074
25.686384263483763
23.82924182598074
26.47935908686292
24.989448472679825
25.503645285451086
26.005542982918435
24.933740741181087
25.75657684655253
25.21448796176621
25.16758573100117
23.952532422662458
22.696573033403862
26.63168521775571
27.70803633360859
25.16652866280256
25.230262089376268
24.778779464760444
25.06875776991489
25.013889634360893
25.32807565263075
25.184359688730908
24.525798755671985
25.177405606579025
25.561464345133984
23.13920028246094
27.41841097179913
24.864859737734463
25.18844322201337
25.258522778597452
24.793866416026766
23.637472315053284
26.70935778648072
25.244992295839754
25.255024747407845
25.176196592996316
25.173778914136868
25.681823191564924
22.996474568093472
25.13425537524869
27.61754383654549
25.16094277710124
23.95841568322804
26.401354592206058
24.728378975916044
22.218770692842728
29.439290251486245
22.521204050730784
28.710804446634906
24.931369402142256
25.114088976707983
25.27572284292102
26.831525076765608
25.200701771251413
23.553978166135046
25.842430515763727
24.41131895377667
25.989590046101224
24.871789702141285
18.920363403433747
38.22699392094494
26.21505537638441
24.618216394520292
25.001365020892568
24.521927234671985
24.30367541821427
27.174333324694846
25.24195373245709
25.176498835506255
23.246929455061412
27.586845566956065
23.06768008975614
26.979435621337554
25.608127579554058
24.85601858436448
24.628335212326192
22.436752095603378
27.867277921732775
25.14224057833752
26.161749479173164
25.826199932268096
24.675569779618538
25.491864952745615
25.184208472184697
24.417998381566154
25.425571639872942
26.1641974461502
24.803983488864446
23.808681535134276
27.325346102478907
25.347514987429896
25.176952212878092
24.802370069008745
25.17030431416792
22.932225259704758
22.506702153918802
19.483288971882736
48.5907390030005
25.794910271706375
25.32731093451849
25.185569486477398
24.83012076722709
25.65103905475984
24.493287316853827
25.537807707061052
25.2618696283269
25.138624008822454
23.01123595505618
27.421637595125397
24.28088294035579
22.505494505494507
27.665088054877646
24.256028869174983
24.548909894354864
28.575056887084248
25.13003882471361
22.167688469832143
29.24204860772202
23.833845699251622
22.076329931417803
30.987204113596736
24.526659259692416
25.450564920328638
25.819045860264698
24.782586088723974
25.299048790933053
22.80951034347741
27.035606548923553
26.058699271850692
25.244688406582164
24.09591708939661
25.303932865580336
25.043013063934467
25.335419296772596
24.682685121433067
25.964331036702756
23.261498189239703
26.6352367404999
25.592658356062408
25.19404132628544
25.27252459885637
23.184862940626953
25.75958237371411
27.65341456017511
24.954509215959256
24.820569873065658
25.196765628191418
25.24073851190333
24.744134460523753
25.53221123116725
24.92618367019475
25.631914737588307
17.316807728830355
41.07472041052157
24.79474583385059
26.222266680004
22.056362173503782
25.517144039130752
25.9649739688121
31.032828488350585
25.296912601098896
25.14193915780009
24.547760486471617
18.799180676882806
37.52822017823271
22.841060828840604
27.934278616574204
25.176347713344178
24.560841355725763
25.710001900220057
27.462933619684925
25.78206696458757
24.778925851750763
24.760933219986775
24.866481298133074
23.989933423322427
27.460416393871938
28.162733077733986
25.458597875569044
21.829075220018424
28.835948134805506
25.261565332610594
23.143158254843215
27.44155189898263
24.932110397137237
23.167702343668008
27.934650708971873
23.525178080655113
27.794886747690555
25.312331776321347
24.976055927066152
25.47421484491251
24.90161783477306
25.327463874446718
24.306914856626253
25.071904645199083
22.763583077799787
24.926035538123255
28.82821853972356
25.14721506085497
23.58032978585845
27.190011603861038
23.146095690083328
25.304085523299307
24.68253986935797
20.21585147197748
23.894675075341958
27.516804765559908
44.960809536060374
24.43805861446134
25.465398953286464
20.096228756510197
32.52684394605619
25.47050214667857
30.656531399836275
33.37607028042143
28.309287257019438
28.444058647208017
23.919748615617998
26.8090584272392
22.687242731575388
26.611915487595965
25.489696078371793
25.81396093105698
19.996395760728095
32.58876181004475
25.85676856972006
25.529258524352684
26.014091495484767
25.231324518449895
24.75523369395211
25.49945892051603
25.376039107970428
24.609549737728386
24.41131895377667
26.096314178342997
24.972933065005893
25.41956206856845
24.470280740239435
25.272676877839505
25.485359436616296
24.782000378143316
25.704487234485885
25.15686815493684
23.13077813930403
27.23238042059746
25.16803878741329
25.25730596219507
25.167283702454743
24.78331826588434
25.024037801814917
25.30988788182334
25.10221498722238
25.14419998801031
24.814402432747432
25.32043054893178
25.102064755520978
18.7178029373307
33.89939221518169
27.567082268039883
22.3091783328369
28.756669294847622
25.161848427948385
25.2609567631701
25.13772002900757
24.739755923485728
25.19146891535583
25.084500050835192
25.26552174882085
22.71784039084419
28.00814674831222
24.567890676710228
25.733978783583968
25.605782555875045
25.146913521032182
25.196765628191418
24.79841074638161
24.994809513309935
25.396321009482058
25.216458648967127
25.15008004988877
24.495576048169973
25.35885560889491
19.079501257772947
37.23239711678443
25.100262115354692
25.16471675246289
24.876067565002845
25.302406389691555
25.293556460123625
25.117548072604453
25.19162021910436
24.844534480103302
25.124920629215637
24.59050455542136
25.88852815188811
25.156415500602776
25.195403403595822
24.742382859738438
25.186174428938582
25.097408464525703
25.377881578469694
28.123643873459482
24.805890528432446
25.108075426519008
25.213123820286857
24.831590787993605
25.52475307777974
24.32326606355834
25.747248362522484
25.10537026839371
23.710564399421127
25.166226659626552
27.035955085149997
24.51032000186999
25.260043963985666
25.359162253017
24.323407117879366
24.708712812960236
23.56429992022203
28.615411905168003
25.299659197152938
25.1198045181228
25.193889993452707
25.13003882471361
24.8415915471269
25.21206292340152
25.06321519698355
25.301337966146683
25.119503635296514
24.863975339379927
25.10056253740275
25.26902268866049
25.170908523521753
25.211608280637638
24.774974010017957
25.15943350389001
25.209335312749808
25.19616017685293
25.093804780280596
25.17226810063376
24.841885809049987
25.182545210019452
25.015381495684952
25.27100190994921
25.40093505486786
24.733336871465553
25.221765876714553
25.183150007204958
25.23253883267359
24.973825231619312
25.44948394808536
24.64990156034204
25.2891338164892
25.21524588192858
25.167887766796877
24.907680796227893
25.066210877970942
25.121309040380446
25.154605046149417
25.330523060942248
25.00688026901017
24.85616588539969
25.327616816222026
25.197825238052328
25.172872404273196
25.170908523521753
25.255024747407845
24.617349454161285
24.420841800047743
26.168441674309495
25.149024451666286
25.073853106804243
24.126548784556448
25.911558658182493
24.730420221578882
25.872080040958075
25.36943911836399
25.22525470007337
24.702746317531552
25.066210877970942
25.282578949589205
25.27054513905625
25.18662815485591
23.254920659562437
26.9074346127445
24.642515539992715
25.79633809573598
25.231931660951695
25.216155446270758
24.673247291080862
25.267195990313137
25.287304209422064
25.149476840053964
24.711478751671763
25.491710020907277
25.1231147050015
25.18965341212787
25.245144243212174
25.14284344109484
24.79738446166853
25.215700655897365
25.133803534297304
25.215700655897365
25.069207275161528
25.152040681706424
24.743842509837236
25.45736170626009
25.15369991664018
25.075202219179882
25.27100190994921
24.634844560346295
25.091703109015967
25.57128225137785
25.21463954215361
25.180579819774387
25.21812639414145
24.768682937775704
25.11002951441896
24.49300125551111
26.0575660244901
25.148421292465613
24.757863918353372
25.14269272269512
25.173627824625633
24.46899593379732
25.888687944794555
24.822185661699432
25.31462335608708
25.170455363786935
25.254568553898398
25.133050502145203
25.281969367273252
24.742966699112174
25.227682276943064
25.221917544619235
25.087050660924696
25.26263039969162
24.786393882447495
25.17060641521889
25.23572696368942
24.76780536774041
25.598281365386846
25.21115365427038
23.687398697682823
26.526752510814845
22.697064314510673
26.091606377485956
26.890011539941018
24.89600113964849
24.941154084011227
25.396474783988182
25.13485785512249
25.523355159068227
24.75172759729722
25.204942070092784
25.081499997010052
25.34001123724482
25.11589360351621
25.090202130777836
24.27118800995313
25.16652866280256
25.83272153925747
25.230717405166086
25.24803159085984
24.745594317303553
25.19116631331119
25.197825238052328
25.21206292340152
24.467568529310537
25.9849206693389
24.77277908700557
24.956884959122227
25.503024996503772
25.184813349265347
25.210547511285018
24.740923381840275
25.219036166310914
25.20797172873044
24.78873772177634
25.991522692908312
24.785515056965917
25.172721325643227
24.884037163164326
25.35532973443517
25.329911164523786
25.282731349761296
24.662946520448063
25.245752050993445
25.263239049775937
25.304696172595204
25.1857207193683
24.788151720388164
25.1345566115752
24.6623664512639
25.844341337474045
21.611434577850144
29.33448965604062
25.301337966146683
25.33756199520349
24.696928122663117
25.75293951506444
25.133201104965753
24.773071720936276
25.25350416646597
25.12672681307885
23.491447582135695
26.643019577452264
25.250463553832446
25.21964271755927
25.192225452273984
25.197976618164777
25.271306433051556
24.719343222711387
25.21706507623491
25.296912601098896
25.155057635332078
25.164867735026068
25.30805527062089
24.407057399562404
25.532055808517374
24.943378946554628
25.465398953286464
25.23451234259655
25.258674888891566
24.61186024950416
25.33220592853864
25.170908523521753
25.110630833428125
25.272220046395326
23.66014001004101
26.49893228541464
25.50426560457268
25.143144883315248
25.19494936146185
24.673102150063237
24.833355042688485
25.71614960147149
25.062616146707857
25.296607460571153
25.087951000095703
24.783611148862246
25.31813791771296
25.162754143994434
25.175289909005787
25.26232608564717
24.80471693091967
24.875772492734715
25.533299242700952
25.192074141255187
25.152493178615334
25.186779400461184
24.667007768897356
27.900645247122995
25.287456666566182
25.22267591150453
25.17710334229735
24.736983651419
25.133201104965753
25.13425537524869
25.39339964764217
25.198430769415623
24.51934689964399
25.475607385811468
25.216458648967127
25.154605046149417
25.000023841880648
25.491864952745615
24.68907790564205
25.14631046308065
25.295234419289084
25.11814975177114
25.28837144803719
24.288053737911866
25.66595071564506
25.07940038626892
25.424955142815577
25.243472922710257
25.21630704670751
24.61258237341048
25.252135800164965
24.075585199811727
26.50311834547603
25.24787960872837
24.64990156034204
25.365143296020126
25.230717405166086
24.979477100827825
25.553210673815038
24.62500954047215
24.22073107351158
28.50262648228059
24.63267439538626
25.70669281686688
23.800170232083072
26.313404183239438
24.96609523809524
25.42310583100982
25.333736002222732
25.27252459885637
24.5179136148149
25.279378970334744
24.960746506700946
25.78270090177589
25.198582156803845
25.27069739418587
24.630215337275605
25.124770125614745
25.374503920240056
25.287456666566182
25.131544573202152
24.597859425856964
24.916114698491715
25.620485129101027
25.356709307668126
24.638607085582702
25.861391999210774
24.770584552874336
25.21448796176621
24.123218496577902
26.36053622268451
25.26110890278129
24.55264621346493
25.368365026370544
25.007625759445745
25.210547511285018
25.339398882344057
24.73275348645222
25.206002367774232
25.26217393137426
25.204790606277303
24.979179570251084
25.41201560720258
24.750851228306217
25.150683288660225
24.97412263465638
24.996597038052386
25.683710335198953
24.829385822110403
25.082549934218395
25.23117273738984
25.18375483344141
25.231628086048413
25.17755674144151
23.35696704422689
26.897771507358836
25.180579819774387
25.23011032109816
26.79296049059376
24.720071667688245
24.977394535623258
25.45349945079286
25.23041385948027
25.2064568083751
24.74355056603996
25.25350416646597
24.935964281255387
25.371127160986706
25.187535655735243
25.35303077927416
24.62645537439011
25.260500355331782
23.610328347790844
25.139377375001498
26.979435621337554
24.83703137860996
25.221917544619235
25.124469123822188
25.298896193980337
24.11642201254607
26.028782246603907
25.039424982687393
24.03309611395698
26.335874219839006
25.23269063016995
25.21812639414145
24.755964255781286
22.26146031813429
29.064743016721064
25.176196592996316
23.438281987806718
26.512332334610182
25.180882167536186
25.071604908752906
25.580951683926763
22.71759429772299
28.060425224453752
23.760665748939232
21.21099210081824
33.14161998151031
21.36647937117619
4.349624750205073
23.849430816644492
26.2332551521406
24.813521620038692
25.75373015190775
25.274504368785777
25.22313095352641
24.75494148129349
4.16334949649357
25.13410475979314
6.250443713573389
25.570035115099493
24.747784425484713
25.272220046395326
25.53811869432588
6.218076479465823
27.76636633853446
4.166236067612495
25.35119191528456
23.524254474276066
7.936137080492784
32.479993804932825
28.581872201816733
25.232994230641967
25.422489453522765
2.483912002217237
26.734383764213963
1.5632265131431582
25.12883435582822
3.5688580567044825
25.312484535398095
1.1899916303746472
25.36744444847649
24.344301211322705
0.6744464119285711
28.018811457887985
0.3416064127435205
26.34861324873575
0.1911342989336126
25.406012441623105
25.30286431311986
3.937174976626478
37.88652930708989
1.133150072066255
27.25148949717694
