[[41611.499781312], [46.7804607], [6.661409099999999], [497287], [3], [-4], [1]]
[[41611.749781206], [46.7804607], [6.6614092], [497281], [-2], [-8], [5]]
[[41611.999781102], [46.7804607], [6.6614092], [497285], [-1], [4], [12]]
[[41612.249780995], [46.7804607], [6.6614092], [497284], [0], [2], [-5]]
[[41612.499780889], [46.7804607], [6.661409099999999], [497286], [-4], [8], [-8]]
[[41612.749780783], [46.7804607], [6.6614092], [497284], [-1], [2], [-9]]
[[41612.999780678], [46.7804607], [6.6614092], [497283], [1], [-3], [4]]
[[41613.249780571], [46.7804607], [6.6614092], [497284], [3], [-9], [4]]
[[41613.499780465], [46.7804607], [6.6614092], [497285], [-2], [4], [0]]
[[41613.749780359], [46.7804607], [6.6614092], [497288], [1], [-2], [-4]]
[[41613.999780255], [46.7804607], [6.6614092], [497285], [6], [1], [-14]]
[[41614.249780148], [46.7804607], [6.6614092], [497285], [-1], [2], [1]]
[[41614.499780042], [46.7804607], [6.6614092], [497283], [-1], [7], [-4]]
[[41614.749779936], [46.7804607], [6.6614092], [497282], [2], [-9], [8]]
[[41614.999779831], [46.7804607], [6.6614092], [497282], [-2], [-2], [4]]
[[41615.249779724], [46.7804607], [6.6614092], [497285], [0], [6], [-5]]
[[41615.499779618], [46.7804608], [6.6614092], [497283], [2], [4], [-10]]
[[41615.749779512], [46.7804607], [6.6614092], [497283], [-5], [-5], [4]]
[[41615.999779408], [46.7804607], [6.661409099999999], [497287], [-16], [-3], [1]]
[[41616.249779301], [46.7804607], [6.661409099999999], [497287], [-3], [5], [-15]]
[[41616.499779195], [46.7804607], [6.661409099999999], [497285], [1], [1], [-5]]
[[41616.749779089], [46.7804607], [6.6614092], [497257], [24], [1], [-1]]
[[41616.999778984], [46.7804608], [6.661409], [497265], [-22], [7], [86]]
[[41617.249778877], [46.7804609], [6.661409099999999], [497271], [-49], [-65], [1]]
[[41617.499778771], [46.7804609], [6.661409099999999], [497281], [-5], [1], [-27]]
[[41617.749778666], [46.7804607], [6.661409], [497285], [-1], [-11], [-41]]
[[41617.999778561], [46.7804609], [6.6614093], [497273], [62], [61], [-20]]
[[41618.249778454], [46.7804607], [6.6614092], [497273], [-1], [-50], [40]]
[[41618.499778348], [46.7804608], [6.6614092], [497269], [-4], [48], [8]]
[[41618.749778242], [46.7804608], [6.6614092], [497260], [7], [-47], [14]]
[[41618.999778137], [46.7804607], [6.6614092], [497247], [-14], [12], [40]]
[[41619.249778031], [46.7804606], [6.661409099999999], [497245], [-5], [-20], [42]]
[[41619.499777925], [46.7804607], [6.6614092], [497249], [-11], [24], [3]]
[[41619.749777819], [46.7804611], [6.6614096], [497300], [75], [123], [-94]]
[[41619.999777714], [46.7804613], [6.661410399999999], [497543], [268], [168], [-418]]
[[41620.249777607], [46.7804621], [6.661413], [497821], [749], [446], [-870]]
[[41620.499777501], [46.780464099999996], [6.6614166], [497943], [1102], [735], [-1024]]
[[41620.749777396], [46.780466399999995], [6.6614203], [497958], [1214], [926], [-460]]
[[41620.999777291], [46.780469], [6.6614241], [497952], [1189], [1138], [-93]]
[[41621.249777185], [46.780471999999996], [6.6614274], [497975], [940], [1297], [-38]]
[[41621.499777079], [46.780474899999994], [6.6614305], [497943], [1041], [1333], [-22]]
[[41621.749776973], [46.7804771], [6.6614344], [497997], [1153], [922], [4]]
[[41621.999776868], [46.780479299999996], [6.661438599999999], [497944], [1284], [1034], [-28]]
[[41622.249776761], [46.7804815], [6.6614420999999995], [497930], [1061], [987], [96]]
[[41622.499776656], [46.780484099999995], [6.6614461], [497871], [1203], [1150], [124]]
[[41622.74977655], [46.7804862], [6.661449999999999], [497944], [1176], [916], [47]]
[[41622.999776445], [46.7804885], [6.661454], [497926], [1234], [1065], [-112]]
[[41623.249776338], [46.7804911], [6.6614575], [497955], [1034], [1123], [-25]]
[[41623.499776233], [46.7804941], [6.6614606], [497904], [1006], [1363], [-16]]
[[41623.749776127], [46.7804971], [6.6614635], [497943], [850], [1277], [74]]
[[41623.999776022], [46.7805004], [6.661466099999999], [497902], [842], [1431], [-50]]
[[41624.249775915], [46.780503599999996], [6.6614689], [497930], [843], [1437], [79]]
[[41624.49977581], [46.7805069], [6.6614714], [497902], [806], [1462], [-42]]
[[41624.749775704], [46.780510299999996], [6.6614738], [497909], [727], [1488], [38]]
[[41624.999775599], [46.7805136], [6.6614758], [497900], [622], [1447], [19]]
[[41625.249775492], [46.780516999999996], [6.6614777], [497885], [595], [1513], [33]]
[[41625.499775387], [46.7805204], [6.661479], [497862], [396], [1490], [67]]
[[41625.749775281], [46.780524], [6.6614793], [497895], [70], [1556], [23]]
[[41625.999775176], [46.7805274], [6.6614786], [497860], [-143], [1509], [-48]]
[[41626.249775069], [46.780530999999996], [6.6614775999999996], [497859], [-340], [1594], [73]]
[[41626.499774964], [46.7805343], [6.6614762], [497805], [-401], [1547], [85]]
[[41626.749774858], [46.7805375], [6.6614752], [497795], [-307], [1401], [143]]
[[41626.999774753], [46.7805403], [6.661475299999999], [497748], [12], [1232], [98]]
[[41627.249774646], [46.7805422], [6.6614765], [497792], [293], [932], [79]]
[[41627.49977454], [46.780543099999996], [6.6614787], [497819], [693], [454], [-108]]
[[41627.749774435], [46.7805432], [6.6614821], [497751], [1030], [152], [-38]]
[[41627.99977433], [46.780543099999996], [6.6614863], [497752], [1253], [0], [146]]
[[41628.249774223], [46.7805423], [6.661491], [497784], [1300], [-300], [-5]]
[[41628.499774118], [46.7805415], [6.661495599999999], [497822], [1440], [-372], [-113]]
[[41628.749774012], [46.7805411], [6.661500299999999], [497867], [1391], [-182], [-131]]
[[41628.999773907], [46.780540599999995], [6.661505999999999], [497864], [1722], [-262], [-167]]
[[41629.2497738], [46.7805402], [6.6615107], [497933], [1421], [-150], [-94]]
[[41629.499773695], [46.7805399], [6.6615158999999995], [497977], [1579], [-139], [-176]]
[[41629.749773589], [46.7805404], [6.661520899999999], [498060], [1474], [220], [-219]]
[[41629.999773484], [46.780541299999996], [6.6615259], [498089], [1624], [376], [-273]]
[[41630.249773377], [46.7805422], [6.6615305], [498130], [1381], [406], [-164]]
[[41630.499773272], [46.780543599999994], [6.6615357], [498124], [1636], [567], [-107]]
[[41630.749773166], [46.7805451], [6.66154], [498133], [1361], [673], [-56]]
[[41630.999773062], [46.7805471], [6.661544999999999], [498110], [1535], [837], [9]]
[[41631.249772955], [46.7805488], [6.6615497], [498126], [1464], [775], [36]]
[[41631.499772849], [46.7805507], [6.6615547], [498126], [1517], [879], [-15]]
[[41631.749772744], [46.7805526], [6.6615591], [498176], [1261], [855], [-70]]
[[41631.999772639], [46.780555], [6.6615636], [498160], [1435], [1048], [-92]]
[[41632.249772533], [46.7805569], [6.661568099999999], [498203], [1355], [863], [-15]]
[[41632.499772427], [46.780558899999996], [6.6615728], [498186], [1469], [931], [-91]]
[[41632.749772321], [46.780561], [6.661577299999999], [498250], [1317], [866], [-48]]
[[41632.999772217], [46.7805633], [6.6615819], [498222], [1455], [1097], [-112]]
[[41633.24977211], [46.780564999999996], [6.6615866], [498240], [1379], [739], [3]]
[[41633.499772004], [46.780566799999995], [6.661591199999999], [498182], [1410], [788], [26]]
[[41633.749771899], [46.780568699999996], [6.6615953999999995], [498226], [1293], [848], [85]]
[[41633.999771794], [46.7805707], [6.6615999], [498179], [1381], [893], [-46]]
[[41634.249771688], [46.7805724], [6.661603899999999], [498210], [1212], [754], [50]]
[[41634.499771582], [46.7805743], [6.6616086], [498195], [1433], [853], [-13]]
[[41634.749771476], [46.7805764], [6.6616127], [498276], [1260], [886], [-29]]
[[41634.999771372], [46.7805786], [6.6616173], [498243], [1430], [1082], [-184]]
[[41635.249771265], [46.7805804], [6.6616218], [498260], [1349], [758], [7]]
[[41635.499771159], [46.780582599999995], [6.6616263], [498198], [1428], [988], [27]]
[[41635.749771054], [46.7805846], [6.6616303], [498231], [1123], [899], [102]]
[[41635.999770949], [46.780587], [6.6616348], [498198], [1458], [1018], [-18]]
[[41636.249770843], [46.780588699999996], [6.661639399999999], [498275], [1343], [718], [2]]
[[41636.499770737], [46.7805908], [6.661643799999999], [498263], [1411], [974], [-180]]
[[41636.749770632], [46.780592899999995], [6.6616477], [498292], [1148], [920], [-40]]
[[41636.999770527], [46.780595299999995], [6.6616523], [498262], [1433], [1099], [-29]]
[[41637.24977042], [46.7805971], [6.6616569], [498291], [1364], [716], [24]]
[[41637.499770315], [46.7805989], [6.6616618], [498260], [1528], [875], [-24]]
[[41637.749770209], [46.780601], [6.6616656], [498333], [1111], [848], [-21]]
[[41637.999770104], [46.7806034], [6.6616696], [498289], [1287], [1138], [-108]]
[[41638.249769998], [46.7806056], [6.661673599999999], [498327], [1186], [974], [34]]
[[41638.499769892], [46.780607599999996], [6.6616776], [498326], [1223], [909], [-85]]
[[41638.749769787], [46.7806095], [6.6616821999999996], [498312], [1424], [828], [18]]
[[41638.999769682], [46.7806103], [6.661684999999999], [498416], [814], [286], [-78]]
[[41639.249769575], [46.780610499999995], [6.6616864], [498465], [453], [125], [-325]]
[[41639.49976947], [46.7806103], [6.6616873], [498464], [291], [-10], [-157]]
[[41639.749769364], [46.7806103], [6.6616886], [498461], [404], [-29], [-8]]
[[41639.99976926], [46.7806108], [6.6616911], [498423], [805], [265], [40]]
[[41640.249769153], [46.780610599999996], [6.6616957], [498366], [1367], [-10], [171]]
[[41640.499769048], [46.7806091], [6.6616998999999995], [498353], [1275], [-783], [130]]
[[41640.749768942], [46.780606999999996], [6.6617039], [498317], [1223], [-911], [107]]
[[41640.999768838], [46.7806052], [6.6617079], [498384], [1176], [-780], [49]]
[[41641.249768731], [46.7806029], [6.6617115], [498313], [1131], [-1023], [-95]]
[[41641.499768625], [46.780600799999995], [6.6617152], [498391], [1089], [-918], [71]]
[[41641.74976852], [46.7805988], [6.66172], [498373], [1481], [-913], [-144]]
[[41641.999768415], [46.7805977], [6.6617248], [498434], [1475], [-484], [-40]]
[[41642.249768309], [46.7805975], [6.6617299], [498396], [1642], [-117], [-107]]
[[41642.499768203], [46.7805982], [6.6617348], [498477], [1399], [326], [10]]
[[41642.749768098], [46.7805993], [6.6617394999999995], [498445], [1494], [407], [-159]]
[[41642.999767993], [46.780600899999996], [6.661744], [498535], [1357], [661], [-73]]
[[41643.249767887], [46.780603199999995], [6.6617486], [498539], [1359], [1076], [-188]]
[[41643.499767781], [46.780605], [6.6617529], [498591], [1307], [807], [-119]]
[[41643.749767676], [46.7806066], [6.6617574], [498540], [1444], [770], [-73]]
[[41643.999767571], [46.7806084], [6.6617621], [498650], [1335], [777], [-2]]
[[41644.249767465], [46.7806102], [6.6617666], [498648], [1422], [821], [-261]]
[[41644.499767359], [46.7806113], [6.6617714], [498692], [1463], [479], [-78]]
[[41644.749767254], [46.780611699999994], [6.661776499999999], [498682], [1552], [194], [-89]]
[[41644.999767149], [46.7806119], [6.6617815], [498729], [1538], [88], [-68]]
[[41645.249767043], [46.780612], [6.6617863999999996], [498768], [1494], [60], [-151]]
[[41645.499766937], [46.7806119], [6.661791399999999], [498785], [1569], [-64], [-132]]
[[41645.749766831], [46.7806113], [6.6617961999999995], [498809], [1419], [-305], [-92]]
[[41645.999766727], [46.7806103], [6.6618011], [498826], [1511], [-381], [-73]]
[[41646.24976662], [46.7806098], [6.6618053999999995], [498867], [1340], [-259], [-111]]
[[41646.499766515], [46.780609299999995], [6.6618103], [498813], [1488], [-228], [-35]]
[[41646.749766409], [46.7806083], [6.6618148999999995], [498976], [1431], [-499], [-112]]
[[41646.999766305], [46.7806062], [6.6618192], [499262], [1303], [-928], [-693]]
[[41647.249766199], [46.7806037], [6.6618223], [499538], [913], [-1114], [-1050]]
[[41647.499766093], [46.780601399999995], [6.6618241], [499589], [610], [-1098], [-847]]
[[41647.749765988], [46.780599599999995], [6.6618254], [499477], [376], [-747], [-116]]
[[41647.999765883], [46.7805989], [6.6618257], [499415], [120], [-297], [314]]
[[41648.249765777], [46.7805988], [6.6618258], [499408], [42], [-82], [173]]
[[41648.499765671], [46.7805988], [6.661825899999999], [499400], [7], [4], [38]]
[[41648.749765566], [46.7805988], [6.661825899999999], [499406], [-10], [-7], [23]]
[[41648.999765462], [46.7805988], [6.661825899999999], [499401], [6], [0], [-5]]
[[41649.249765355], [46.7805988], [6.661825899999999], [499397], [-3], [-4], [14]]
[[41649.49976525], [46.7805988], [6.661825899999999], [499403], [-5], [4], [4]]
[[41649.749765144], [46.7805988], [6.661825899999999], [499402], [6], [-9], [-8]]
[[41649.99976504], [46.7805988], [6.6618258], [499409], [0], [-1], [-1]]
[[41650.249764933], [46.7805988], [6.6618258], [499405], [-1], [-2], [-23]]
[[41650.499764828], [46.7805988], [6.6618258], [499408], [0], [8], [6]]
[[41650.749764722], [46.7805988], [6.6618258], [499408], [2], [0], [-10]]
[[41650.999764618], [46.7805987], [6.6618258], [499417], [0], [-4], [-4]]
[[41651.249764512], [46.7805987], [6.6618258], [499417], [8], [-8], [-26]]
[[41651.499764406], [46.7805987], [6.6618258], [499415], [-7], [8], [-6]]
[[41651.749764301], [46.7805987], [6.6618258], [499414], [2], [-1], [8]]
[[41651.999764196], [46.7805987], [6.6618258], [499414], [4], [-3], [0]]
[[41652.24976409], [46.7805987], [6.6618258], [499413], [0], [3], [4]]
[[41652.499763985], [46.7805987], [6.6618258], [499416], [-3], [-3], [-3]]
[[41652.749763879], [46.7805987], [6.6618258], [499418], [-4], [-1], [-6]]
[[41652.999763775], [46.7805987], [6.6618258], [499425], [-3], [8], [-9]]
[[41653.249763669], [46.7805987], [6.6618258], [499420], [1], [-2], [-25]]
[[41653.499763563], [46.7805987], [6.6618258], [499418], [-3], [-1], [12]]
[[41653.749763458], [46.7805987], [6.6618258], [499415], [-2], [8], [0]]
[[41653.999763353], [46.7805987], [6.6618258], [499417], [-2], [8], [6]]
[[41654.249763247], [46.7805987], [6.6618258], [499419], [-3], [0], [-2]]
[[41654.499763142], [46.7805987], [6.6618258], [499424], [0], [-2], [-6]]
[[41654.749763036], [46.7805987], [6.6618258], [499423], [8], [-4], [-18]]
[[41654.999762932], [46.7805987], [6.6618258], [499416], [3], [3], [-5]]
[[41655.249762826], [46.7805987], [6.6618258], [499426], [-23], [-16], [24]]
[[41655.49976272], [46.7805987], [6.6618258], [499440], [11], [0], [-28]]
[[41655.749762615], [46.7805987], [6.6618258], [499441], [-9], [-3], [-51]]
[[41655.999762511], [46.7805987], [6.6618258], [499445], [6], [-1], [-17]]
[[41656.249762404], [46.7805987], [6.661825899999999], [499452], [23], [-6], [-19]]
[[41656.499762299], [46.780598499999996], [6.661827], [499470], [368], [-57], [-43]]
[[41656.749762194], [46.7805977], [6.66183], [499481], [886], [-360], [-72]]
[[41656.999762089], [46.7805962], [6.6618331], [499404], [934], [-689], [79]]
[[41657.249761983], [46.780594099999995], [6.6618359], [499186], [918], [-864], [451]]
[[41657.499761878], [46.780591699999995], [6.6618395999999995], [499077], [1054], [-1083], [691]]
[[41657.749761772], [46.7805889], [6.6618433999999995], [499052], [1125], [-1230], [406]]
[[41657.999761668], [46.7805858], [6.661846], [499134], [757], [-1411], [31]]
[[41658.249761562], [46.7805825], [6.6618474999999995], [499129], [534], [-1437], [-196]]
[[41658.499761456], [46.7805792], [6.661848399999999], [499193], [216], [-1478], [-94]]
[[41658.749761351], [46.7805758], [6.6618483], [499227], [6], [-1509], [-208]]
[[41658.999761247], [46.7805721], [6.6618469], [499221], [-405], [-1657], [-128]]
[[41659.249761141], [46.7805691], [6.661844899999999], [499268], [-612], [-1318], [-32]]
[[41659.499761035], [46.780566099999994], [6.661842], [499253], [-862], [-1332], [-86]]
[[41659.74976093], [46.7805633], [6.661839], [499283], [-971], [-1270], [-40]]
[[41659.999760826], [46.7805605], [6.6618355], [499253], [-1056], [-1266], [-28]]
[[41660.249760719], [46.7805581], [6.6618319], [499266], [-1122], [-1054], [7]]
[[41660.499760614], [46.7805557], [6.661827499999999], [499235], [-1253], [-1059], [57]]
[[41660.749760509], [46.7805537], [6.6618239], [499249], [-1087], [-899], [61]]
[[41660.999760404], [46.7805511], [6.661819599999999], [499180], [-1308], [-1165], [32]]
[[41661.249760298], [46.7805487], [6.6618156], [499234], [-1244], [-1052], [118]]
[[41661.499760193], [46.7805463], [6.6618110999999995], [499179], [-1329], [-1027], [-35]]
[[41661.749760088], [46.780544299999995], [6.661807], [499222], [-1246], [-902], [76]]
[[41661.999759983], [46.7805417], [6.6618021], [499194], [-1406], [-1130], [-10]]
[[41662.249759877], [46.7805396], [6.661797399999999], [499268], [-1348], [-886], [31]]
[[41662.499759772], [46.7805379], [6.6617928], [499192], [-1417], [-833], [-108]]
[[41662.749759666], [46.7805363], [6.6617891], [499184], [-1295], [-852], [85]]
[[41662.999759562], [46.780533999999996], [6.661785], [499118], [-1225], [-1002], [80]]
[[41663.249759456], [46.7805317], [6.6617806999999996], [499143], [-1308], [-978], [157]]
[[41663.499759351], [46.7805294], [6.661776499999999], [499090], [-1217], [-1027], [59]]
[[41663.749759246], [46.7805274], [6.6617728], [499107], [-1166], [-903], [99]]
[[41663.999759141], [46.780524799999995], [6.6617693], [499074], [-1036], [-1145], [16]]
[[41664.249759035], [46.7805222], [6.6617656], [499072], [-1187], [-1144], [70]]
[[41664.49975893], [46.7805201], [6.6617617], [499079], [-1096], [-915], [33]]
[[41664.749758825], [46.780518199999996], [6.6617577], [499040], [-1267], [-916], [28]]
[[41664.999758721], [46.7805159], [6.6617538], [499036], [-1139], [-983], [115]]
[[41665.249758614], [46.7805137], [6.6617495], [499039], [-1331], [-943], [37]]
[[41665.499758509], [46.7805116], [6.6617454], [499087], [-1201], [-951], [-28]]
[[41665.749758404], [46.7805095], [6.6617409], [499109], [-1376], [-916], [-117]]
[[41665.999758299], [46.780507199999995], [6.661736899999999], [499137], [-1240], [-1001], [-136]]
[[41666.249758193], [46.780505], [6.661732499999999], [499124], [-1367], [-1004], [-102]]
[[41666.499758088], [46.780502999999996], [6.6617282], [499164], [-1202], [-835], [-4]]
[[41666.749757983], [46.780501199999996], [6.6617239], [499100], [-1376], [-854], [-31]]
[[41666.999757878], [46.7804994], [6.6617197], [499104], [-1291], [-843], [120]]
[[41667.249757772], [46.780497399999994], [6.6617149], [499080], [-1491], [-896], [44]]
[[41667.499757667], [46.780495699999996], [6.6617108], [499099], [-1226], [-727], [27]]
[[41667.749757562], [46.780493799999995], [6.6617061], [499052], [-1376], [-826], [35]]
[[41667.999757458], [46.7804924], [6.6617019], [499088], [-1223], [-644], [99]]
[[41668.249757352], [46.7804903], [6.6616973999999995], [499007], [-1394], [-866], [-9]]
[[41668.499757246], [46.7804886], [6.6616931], [499049], [-1331], [-740], [137]]
[[41668.749757141], [46.7804867], [6.6616881999999995], [499037], [-1425], [-790], [11]]
[[41668.999757037], [46.7804851], [6.6616843], [499075], [-1183], [-743], [-19]]
[[41669.249756931], [46.780483], [6.6616794], [499000], [-1457], [-895], [-25]]
[[41669.499756826], [46.780481699999996], [6.6616753], [499027], [-1341], [-670], [125]]
[[41669.74975672], [46.7804797], [6.6616705], [498966], [-1454], [-839], [20]]
[[41669.999756616], [46.7804776], [6.6616662], [499012], [-1319], [-898], [102]]
[[41670.24975651], [46.7804755], [6.6616615999999995], [498971], [-1388], [-950], [-16]]
[[41670.499756405], [46.780473699999995], [6.661657], [498993], [-1390], [-806], [54]]
[[41670.7497563], [46.780471999999996], [6.6616523], [498932], [-1452], [-796], [20]]
[[41670.999756196], [46.7804704], [6.6616478], [498965], [-1382], [-717], [113]]
[[41671.249756089], [46.7804691], [6.6616428], [498892], [-1538], [-614], [15]]
[[41671.499755984], [46.780469499999995], [6.6616368999999995], [498917], [-1712], [271], [194]]
[[41671.749755879], [46.780471399999996], [6.6616316], [498832], [-1626], [672], [29]]
[[41671.999755775], [46.7804733], [6.6616269], [498832], [-1467], [848], [152]]
[[41672.249755669], [46.7804752], [6.6616218], [498723], [-1541], [833], [115]]
[[41672.499755564], [46.7804772], [6.6616176], [498790], [-1334], [874], [250]]
[[41672.749755459], [46.780479], [6.661613], [498702], [-1317], [849], [7]]
[[41672.999755354], [46.7804806], [6.6616086], [498753], [-1380], [677], [134]]
[[41673.249755248], [46.780482199999994], [6.6616038], [498679], [-1435], [711], [-32]]
[[41673.499755143], [46.7804838], [6.6615991999999995], [498670], [-1411], [660], [187]]
[[41673.749755038], [46.780485399999996], [6.6615948], [498598], [-1393], [771], [140]]
[[41673.999754934], [46.780486599999996], [6.661590299999999], [498656], [-1407], [540], [133]]
[[41674.249754828], [46.7804876], [6.6615858], [498646], [-1395], [466], [-126]]
[[41674.499754723], [46.7804882], [6.6615809], [498608], [-1483], [221], [41]]
[[41674.749754617], [46.7804885], [6.6615755], [498573], [-1589], [175], [177]]
[[41674.999754513], [46.7804886], [6.6615705], [498574], [-1533], [63], [69]]
[[41675.249754407], [46.7804885], [6.6615654], [498545], [-1553], [-40], [60]]
[[41675.499754302], [46.780488399999996], [6.661560799999999], [498565], [-1436], [-66], [64]]
[[41675.749754197], [46.7804881], [6.6615559], [498504], [-1478], [-130], [26]]
[[41675.999754093], [46.780487799999996], [6.6615506], [498521], [-1617], [-132], [106]]
[[41676.249753987], [46.780487099999995], [6.661545599999999], [498452], [-1507], [-351], [29]]
[[41676.499753881], [46.7804862], [6.6615408], [498477], [-1491], [-332], [174]]
[[41676.749753776], [46.780485399999996], [6.6615359], [498420], [-1466], [-383], [35]]
[[41676.999753672], [46.780484699999995], [6.6615306], [498399], [-1659], [-292], [157]]
[[41677.249753566], [46.7804839], [6.661525699999999], [498332], [-1469], [-381], [114]]
[[41677.499753461], [46.7804831], [6.6615208], [498336], [-1499], [-347], [205]]
[[41677.749753356], [46.780482299999996], [6.6615158999999995], [498288], [-1493], [-323], [53]]
[[41677.999753252], [46.7804814], [6.6615104999999994], [498288], [-1704], [-390], [142]]
[[41678.249753146], [46.7804795], [6.661505399999999], [498227], [-1465], [-865], [62]]
[[41678.499753041], [46.7804778], [6.6615008], [498207], [-1476], [-608], [151]]
[[41678.749752936], [46.7804777], [6.661496199999999], [498053], [-1526], [-297], [140]]
[[41678.999752832], [46.7804771], [6.6614911999999995], [498027], [-1495], [-241], [468]]
[[41679.249752726], [46.7804767], [6.661486399999999], [498034], [-1457], [-159], [190]]
[[41679.499752621], [46.780476], [6.6614813999999996], [498135], [-1493], [-320], [23]]
[[41679.749752516], [46.7804754], [6.661477], [498117], [-1303], [-137], [-162]]
[[41679.999752412], [46.7804748], [6.6614721], [498097], [-1536], [-284], [-65]]
[[41680.249752306], [46.7804742], [6.6614676], [498087], [-1333], [-231], [12]]
[[41680.499752201], [46.780473199999996], [6.6614626999999995], [498094], [-1507], [-493], [69]]
[[41680.749752096], [46.7804723], [6.6614583], [498112], [-1403], [-353], [-8]]
[[41680.999751992], [46.780471399999996], [6.6614531999999995], [498045], [-1500], [-400], [-4]]
[[41681.249751886], [46.780470699999995], [6.661448999999999], [498055], [-1269], [-332], [121]]
[[41681.499751781], [46.7804699], [6.661444299999999], [498055], [-1453], [-351], [44]]
[[41681.749751676], [46.7804694], [6.6614401999999995], [498071], [-1228], [-151], [-14]]
[[41681.999751572], [46.780468899999995], [6.6614356], [498049], [-1352], [-248], [22]]
[[41682.249751466], [46.780468299999995], [6.6614315], [498067], [-1217], [-353], [7]]
[[41682.499751361], [46.7804674], [6.661427499999999], [498017], [-1220], [-395], [37]]
[[41682.749751256], [46.7804663], [6.6614236], [498026], [-1185], [-422], [104]]
[[41682.999751152], [46.780465199999995], [6.661419599999999], [497940], [-1192], [-521], [57]]
[[41683.249751046], [46.780464599999995], [6.661416], [497823], [-1189], [-431], [239]]
[[41683.499750941], [46.7804633], [6.6614128], [497714], [-921], [-569], [458]]
[[41683.749750836], [46.780462299999996], [6.6614109], [497493], [-745], [-416], [495]]
[[41683.999750732], [46.7804618], [6.661409399999999], [497352], [-355], [-234], [759]]
[[41684.249750626], [46.780462], [6.661409099999999], [497255], [-151], [49], [530]]
[[41684.499750521], [46.7804618], [6.661409399999999], [497238], [36], [-62], [356]]
[[41684.749750417], [46.7804618], [6.6614096], [497231], [34], [-13], [115]]
[[41684.999750313], [46.780461599999995], [6.6614094999999995], [497243], [4], [-17], [41]]
[[41685.249750207], [46.780461599999995], [6.6614094999999995], [497239], [-9], [1], [-14]]
[[41685.499750102], [46.780461599999995], [6.6614094999999995], [497244], [-3], [-3], [6]]
[[41685.749749997], [46.7804617], [6.6614096], [497260], [21], [21], [-35]]
[[41685.999749893], [46.7804617], [6.6614094999999995], [497263], [-16], [-33], [-46]]
[[41686.249749787], [46.7804618], [6.6614094999999995], [497269], [9], [34], [-17]]
[[41686.499749682], [46.7804618], [6.6614094999999995], [497278], [-16], [17], [-16]]
[[41686.749749577], [46.7804617], [6.6614094999999995], [497288], [15], [-7], [-32]]
[[41686.999749473], [46.7804618], [6.6614096], [497276], [-5], [0], [-26]]
[[41687.249749367], [46.7804618], [6.6614096], [497269], [2], [-2], [25]]
[[41687.499749262], [46.7804618], [6.6614096], [497263], [-7], [-7], [24]]
[[41687.749749157], [46.7804618], [6.6614094999999995], [497266], [-4], [3], [18]]
[[41687.999749053], [46.7804618], [6.6614094999999995], [497268], [-3], [-3], [-6]]
[[41688.249748947], [46.7804618], [6.6614094999999995], [497274], [-5], [-1], [-13]]
[[41688.499748843], [46.7804617], [6.6614094999999995], [497273], [-2], [6], [-23]]
[[41688.749748738], [46.7804618], [6.6614094999999995], [497273], [-1], [-3], [1]]
[[41688.999748634], [46.7804618], [6.6614094999999995], [497258], [1], [10], [-3]]
[[41689.249748528], [46.7804618], [6.6614094999999995], [497255], [-1], [-14], [34]]
[[41689.499748423], [46.7804618], [6.6614094999999995], [497253], [2], [3], [18]]
[[41689.749748318], [46.7804618], [6.6614094999999995], [497258], [-6], [-7], [5]]
[[41689.999748214], [46.7804618], [6.6614094999999995], [497241], [6], [6], [-16]]
[[41690.249748108], [46.7804618], [6.6614094999999995], [497237], [-10], [1], [42]]
[[41690.499748003], [46.7804618], [6.6614096], [497238], [9], [-4], [20]]
[[41690.749747898], [46.7804619], [6.6614096], [497240], [-3], [2], [1]]
[[41690.999747795], [46.7804619], [6.6614096], [497237], [-2], [2], [-6]]
[[41691.249747689], [46.7804618], [6.6614096], [497238], [4], [-4], [9]]
[[41691.499747584], [46.7804618], [6.6614096], [497243], [-4], [3], [-8]]
[[41691.749747479], [46.7804618], [6.6614096], [497241], [4], [-6], [-14]]
[[41691.999747375], [46.7804618], [6.6614096], [497239], [-3], [-4], [4]]
[[41692.249747269], [46.7804618], [6.6614096], [497241], [4], [6], [5]]
[[41692.499747164], [46.7804618], [6.6614096], [497235], [1], [0], [-5]]
[[41692.749747059], [46.7804618], [6.6614097], [497240], [3], [0], [2]]
[[41692.999746955], [46.7804618], [6.6614097], [497239], [-5], [-6], [-13]]
[[41693.249746849], [46.7804618], [6.6614097], [497239], [4], [-1], [-1]]
[[41693.499746745], [46.7804618], [6.6614096], [497238], [4], [-6], [1]]
[[41693.999746536], [46.7804618], [6.6614096], [497236], [1], [-8], [-4]]
[[41694.24974643], [46.7804618], [6.6614096], [497233], [4], [-6], [8]]
[[41694.499746325], [46.7804618], [6.6614096], [497242], [1], [8], [9]]
[[41694.74974622], [46.7804618], [6.6614096], [497242], [-3], [4], [-30]]
[[41694.999746117], [46.7804618], [6.6614096], [497240], [-2], [-4], [-3]]
[[41695.249746011], [46.7804618], [6.6614096], [497241], [-7], [-3], [9]]
