[[41611.705606312], [-1.6570841073989868], [0.58853679895401], [0.5823078751564026]]
[[41611.905607206], [-1.6452354192733765], [0.5832085013389587], [0.4716636836528778]]
[[41612.105603102], [-1.6390339136123657], [0.5803532004356384], [0.3863735496997833]]
[[41612.305604102], [-1.6375889778137207], [0.5806532502174377], [0.39199578762054443]]
[[41612.505604995], [-1.6324667930603027], [0.5773224234580994], [0.32827645540237427]]
[[41612.705605889], [-1.6390825510025024], [0.5796089768409729], [0.5655086636543274]]
[[41612.905606783], [-1.6340014934539795], [0.5787787437438965], [0.39998659491539]]
[[41613.105602678], [-1.6338326930999756], [0.581852376461029], [0.26808756589889526]]
[[41613.305603678], [-1.6360853910446167], [0.5826618075370789], [0.27569830417633057]]
[[41613.505604571], [-1.6284847259521484], [0.586683452129364], [0.17353779077529907]]
[[41613.705605465], [-1.6284561157226562], [0.5954145193099976], [0.12452204525470734]]
[[41613.905606359], [-1.6276075839996338], [0.5944661498069763], [0.08117334544658661]]
[[41614.105602255], [-1.627810001373291], [0.5993459820747375], [0.05344054847955704]]
[[41614.305603255], [-1.6250730752944946], [0.5978356003761292], [0.05711723119020462]]
[[41614.505604148], [-1.6228992938995361], [0.5987738370895386], [0.039374079555273056]]
[[41614.705605042], [-1.6226145029067993], [0.6035001277923584], [0.03144460543990135]]
[[41614.905605936], [-1.6242262125015259], [0.6041423082351685], [-0.008365923538804054]]
[[41615.105601831], [-1.629360318183899], [0.6089398264884949], [-0.04761512577533722]]
[[41615.305602831], [-1.6273728609085083], [0.6129540801048279], [-0.03809662535786629]]
[[41615.505603724], [-1.6279691457748413], [0.6048768162727356], [-0.09326211363077164]]
[[41615.705604618], [-1.6310467720031738], [0.6061912775039673], [0.0585579015314579]]
[[41615.905605512], [-1.625572681427002], [0.6055457592010498], [-0.15352830290794373]]
[[41616.105601408], [-1.6379737854003906], [0.6093689799308777], [-0.4635531008243561]]
[[41616.305602408], [-1.639589548110962], [0.6035051941871643], [-0.458056777715683]]
[[41616.505603301], [-1.6454206705093384], [0.602419376373291], [-0.7050208449363708]]
[[41616.705604195], [-1.6597050428390503], [0.5994153022766113], [-0.9149946570396423]]
[[41616.905605089], [-1.6590275764465332], [0.6039266586303711], [-0.8668071031570435]]
[[41617.105600984], [-1.5219365358352661], [0.7569265365600586], [-1.2494858503341675]]
[[41617.305601984], [-1.6974420547485352], [0.4938518702983856], [-1.2376376390457153]]
[[41617.505602877], [-1.7078357934951782], [0.47380223870277405], [-1.094961404800415]]
[[41617.705603771], [-1.344448447227478], [0.8773742318153381], [-1.008647084236145]]
[[41617.905604666], [0.15790005028247833], [2.218590259552002], [-1.984876036643982]]
[[41618.105600561], [-2.14632511138916], [-0.15759451687335968], [-2.577341079711914]]
[[41618.305601561], [-1.303723931312561], [1.0335297584533691], [-2.5809361934661865]]
[[41618.505602454], [-2.0461313724517822], [0.0905008316040039], [-2.103856325149536]]
[[41618.705603348], [-1.3095862865447998], [1.025313138961792], [-1.7003040313720703]]
[[41618.905604242], [-1.4708596467971802], [0.7100489735603333], [-1.3652132749557495]]
[[41619.105600137], [-1.6110715866088867], [0.5012558102607727], [-0.972298800945282]]
[[41619.305601137], [-1.4315788745880127], [0.7329097986221313], [-0.9636086225509644]]
[[41619.505602031], [-0.5337291359901428], [1.4483976364135742], [4.644521713256836]]
[[41619.705602925], [3.8585219383239746], [6.240425109863281], [24.664003372192383]]
[[41619.905603819], [7.910891056060791], [11.588263511657715], [34.08103561401367]]
[[41620.105599714], [16.434736251831055], [3.1556222438812256], [38.067718505859375]]
[[41620.305600714], [21.83197593688965], [-2.885944366455078], [50.49800109863281]]
[[41620.505601607], [21.924074172973633], [-5.150670051574707], [46.09111404418945]]
[[41620.705602501], [20.667564392089844], [-8.478178024291992], [60.026702880859375]]
[[41620.905603396], [17.168073654174805], [-8.974196434020996], [81.43595123291016]]
[[41621.105599291], [8.823124885559082], [-2.8054685592651367], [105.31298065185547]]
[[41621.305600291], [2.4516732692718506], [0.8509087562561035], [126.6385269165039]]
[[41621.505601185], [-4.810883522033691], [6.655017852783203], [134.58123779296875]]
[[41621.705602079], [-14.107794761657715], [0.5678573846817017], [133.1928253173828]]
[[41621.905602973], [-16.167659759521484], [0.9989972710609436], [128.31825256347656]]
[[41622.105598868], [-1.400435447692871], [1.6936938762664795], [131.14791870117188]]
[[41622.305599868], [9.334120750427246], [1.882318139076233], [135.348876953125]]
[[41622.505600761], [11.265860557556152], [2.756066083908081], [136.0024871826172]]
[[41622.705601656], [-5.121001720428467], [1.2982465028762817], [136.5858612060547]]
[[41622.90560255], [-16.19212532043457], [4.351935863494873], [133.12806701660156]]
[[41623.105598445], [-12.452563285827637], [0.6961061358451843], [138.42971801757812]]
[[41623.305599445], [-1.6212126016616821], [-0.8972848653793335], [144.83700561523438]]
[[41623.505600338], [6.783341407775879], [6.194137096405029], [152.83767700195312]]
[[41623.705601233], [4.139314651489258], [7.025851726531982], [165.81689453125]]
[[41623.905602127], [-8.501260757446289], [5.935176849365234], [163.9241943359375]]
[[41624.105598022], [-12.928824424743652], [2.7120323181152344], [161.02255249023438]]
[[41624.305599022], [-10.534631729125977], [-0.03999856859445572], [163.1549530029297]]
[[41624.505599915], [-2.6717379093170166], [0.12099304050207138], [161.52850341796875]]
[[41624.70560081], [-3.166142702102661], [-2.816180944442749], [161.9955291748047]]
[[41624.905601704], [-8.106553077697754], [-1.0304571390151978], [162.8139190673828]]
[[41625.105597599], [-6.541202068328857], [0.1916041374206543], [164.37875366210938]]
[[41625.305598599], [-3.574396848678589], [-2.4634480476379395], [168.54833984375]]
[[41625.505599492], [-2.0407893657684326], [-0.9243314266204834], [168.177734375]]
[[41625.705600387], [-5.012540340423584], [-1.9812394380569458], [171.73794555664062]]
[[41625.905601281], [-2.876159429550171], [-0.21068385243415833], [177.79476928710938]]
[[41626.105597176], [-4.01179838180542], [-3.4032416343688965], [-173.69195556640625]]
[[41626.305598176], [-2.4130778312683105], [-4.693329334259033], [-167.2946014404297]]
[[41626.505599069], [-3.8108973503112793], [-4.831525802612305], [-168.5661163330078]]
[[41626.705599964], [-9.034699440002441], [-6.146031856536865], [-174.3607635498047]]
[[41626.905600858], [-11.503861427307129], [-1.578155279159546], [178.6050262451172]]
[[41627.105596753], [-14.878180503845215], [-3.4873194694519043], [170.05886840820312]]
[[41627.305597753], [-17.01967430114746], [-0.49654248356819153], [150.8917999267578]]
[[41627.505598646], [-14.127330780029297], [2.764261245727539], [131.13729858398438]]
[[41627.70559954], [-8.709643363952637], [7.31541633605957], [113.01448822021484]]
[[41627.905600435], [-1.9342039823532104], [6.320820331573486], [96.25542449951172]]
[[41628.10559633], [13.584993362426758], [-0.6066192388534546], [79.15701293945312]]
[[41628.30559733], [17.597129821777344], [-6.453819751739502], [66.64810180664062]]
[[41628.505598223], [5.741337776184082], [2.522819995880127], [61.411216735839844]]
[[41628.705599118], [-0.2510738670825958], [16.692705154418945], [61.07236862182617]]
[[41628.905600012], [-3.957097053527832], [8.094937324523926], [64.6095199584961]]
[[41629.105595907], [-8.369481086730957], [-18.520877838134766], [69.53038024902344]]
[[41629.305596907], [-8.661121368408203], [-16.39124870300293], [72.38973999023438]]
[[41629.5055978], [-6.151944637298584], [11.157814979553223], [80.41105651855469]]
[[41629.705598695], [-4.569400310516357], [10.829488754272461], [89.6418685913086]]
[[41629.905599589], [-3.4971566200256348], [-3.7209599018096924], [94.73126983642578]]
[[41630.105595484], [-5.178776264190674], [-13.083112716674805], [98.49048614501953]]
[[41630.305596484], [-4.726281642913818], [0.21147851645946503], [98.91426086425781]]
[[41630.505597377], [-5.614858627319336], [4.592648983001709], [104.96356201171875]]
[[41630.705598272], [-4.123445510864258], [-11.98398494720459], [114.64151763916016]]
[[41630.905599166], [-1.0831012725830078], [-8.542710304260254], [117.32194519042969]]
[[41631.105595062], [-3.6108598709106445], [6.39763879776001], [115.50688934326172]]
[[41631.305596062], [-5.094439506530762], [11.714564323425293], [113.1966552734375]]
[[41631.505596955], [-6.422253131866455], [-6.673394680023193], [116.6943588256836]]
[[41631.705597849], [-2.680149793624878], [-13.955233573913574], [122.0152359008789]]
[[41631.905598744], [-2.5691919326782227], [-0.011819993145763874], [120.98143768310547]]
[[41632.105594639], [-5.0692524909973145], [5.045363903045654], [117.87603759765625]]
[[41632.305595639], [-7.165141582489014], [-2.464232921600342], [115.99505615234375]]
[[41632.505596533], [-9.193404197692871], [-12.153536796569824], [121.8736343383789]]
[[41632.705597427], [-21.569311141967773], [-1.7464925050735474], [123.57884979248047]]
[[41632.905598321], [-25.296293258666992], [9.643671035766602], [107.92900848388672]]
[[41633.105594217], [-24.69768714904785], [8.33757495880127], [90.36094665527344]]
[[41633.305595217], [-23.425579071044922], [13.49038028717041], [86.46041870117188]]
[[41633.50559611], [-19.307960510253906], [8.422943115234375], [96.01927185058594]]
[[41633.705597004], [-12.967638969421387], [10.771677017211914], [102.25837707519531]]
[[41633.905597899], [-7.300640106201172], [8.613809585571289], [108.13897705078125]]
[[41634.105593794], [-5.498913288116455], [-7.132680892944336], [110.20242309570312]]
[[41634.305594794], [-4.672845840454102], [-14.911441802978516], [111.80461120605469]]
[[41634.505595688], [-3.5141191482543945], [10.612868309020996], [116.63717651367188]]
[[41634.705596582], [-5.194316387176514], [6.452000617980957], [122.05843353271484]]
[[41634.905597476], [-10.209465980529785], [-2.620309352874756], [125.19149780273438]]
[[41635.105593372], [-16.211088180541992], [-0.13244067132472992], [121.76795959472656]]
[[41635.305594372], [-13.38616943359375], [3.7577033042907715], [115.35556030273438]]
[[41635.505595265], [-2.3984146118164062], [2.0922553539276123], [117.34172058105469]]
[[41635.705596159], [7.071779251098633], [-5.328198432922363], [123.20413208007812]]
[[41635.905597054], [7.031430244445801], [-1.850970983505249], [124.17428588867188]]
[[41636.105592949], [-6.298346996307373], [1.289152979850769], [119.48551177978516]]
[[41636.305593949], [-15.174954414367676], [4.262625217437744], [114.29792022705078]]
[[41636.505594843], [-11.416040420532227], [-3.1019818782806396], [120.80844116210938]]
[[41636.705595737], [-2.8132808208465576], [-3.251507043838501], [127.24130249023438]]
[[41636.905596632], [-1.0966194868087769], [-2.0830955505371094], [127.9509048461914]]
[[41637.105592527], [-3.9866538047790527], [-0.0009016310796141624], [120.12847900390625]]
[[41637.305593527], [-3.1753952503204346], [4.7604451179504395], [113.2259292602539]]
[[41637.50559442], [-2.45688533782959], [0.6486381888389587], [114.85742950439453]]
[[41637.705595315], [-2.591090679168701], [-6.023857593536377], [117.56182098388672]]
[[41637.905596209], [-4.1393561363220215], [-0.45868274569511414], [118.30555725097656]]
[[41638.105592104], [-5.960178852081299], [0.399818480014801], [119.71839904785156]]
[[41638.305593104], [-6.589179992675781], [-5.3274664878845215], [118.18832397460938]]
[[41638.505593998], [-6.461542129516602], [-1.672365665435791], [117.69721984863281]]
[[41638.705594892], [-7.84100866317749], [-1.8548939228057861], [119.78947448730469]]
[[41638.905595787], [-6.287889003753662], [-11.16607666015625], [118.44285583496094]]
[[41639.105591682], [-6.85479211807251], [-10.367973327636719], [115.0677490234375]]
[[41639.305592682], [-8.163214683532715], [-2.1723766326904297], [110.79110717773438]]
[[41639.505593575], [-5.705655574798584], [3.3216633796691895], [107.34479522705078]]
[[41639.70559447], [-2.7019219398498535], [2.497072458267212], [109.3094711303711]]
[[41639.905595364], [-5.212521076202393], [5.495015621185303], [112.82820892333984]]
[[41640.10559126], [-11.025955200195312], [5.759585857391357], [106.5890884399414]]
[[41640.30559226], [-11.686131477355957], [-1.552483320236206], [89.26948547363281]]
[[41640.505593153], [-6.783437252044678], [-0.9583855867385864], [71.85786437988281]]
[[41640.705594048], [-5.167099475860596], [2.7980825901031494], [62.258663177490234]]
[[41640.905594942], [-7.754349708557129], [0.9307393431663513], [57.11764907836914]]
[[41641.105590838], [-8.752490997314453], [3.780893087387085], [47.281158447265625]]
[[41641.305591838], [-3.0624659061431885], [3.190542221069336], [38.77463912963867]]
[[41641.505592731], [1.0341917276382446], [-0.5315487384796143], [37.66815185546875]]
[[41641.705593625], [-0.20706526935100555], [-2.68074631690979], [40.18455505371094]]
[[41641.90559452], [0.2838561236858368], [-7.8252787590026855], [50.58909225463867]]
[[41642.105590415], [2.789848566055298], [-12.238372802734375], [62.228302001953125]]
[[41642.305591415], [0.8799298405647278], [-6.385261535644531], [68.76567077636719]]
[[41642.505592309], [-1.0867339372634888], [-2.64273738861084], [78.6222915649414]]
[[41642.705593203], [-3.7015113830566406], [-1.1738547086715698], [89.448974609375]]
[[41642.905594098], [-2.8890023231506348], [-2.6854684352874756], [102.72744750976562]]
[[41643.105589993], [0.33970189094543457], [-2.115262985229492], [117.47783660888672]]
[[41643.305590993], [-0.8554381132125854], [-5.4092254638671875], [120.24137115478516]]
[[41643.505591887], [-3.8260812759399414], [-2.308661699295044], [115.1083984375]]
[[41643.705592781], [-5.232730388641357], [-1.0762470960617065], [110.51008605957031]]
[[41643.905593676], [-6.76982307434082], [2.195420980453491], [111.7397232055664]]
[[41644.105589571], [-9.720544815063477], [-4.907315731048584], [115.1363525390625]]
[[41644.305590571], [-9.20374584197998], [-5.843914031982422], [111.61897277832031]]
[[41644.505591465], [-7.9642510414123535], [-0.5305979251861572], [104.03681182861328]]
[[41644.705592359], [-10.55327320098877], [1.526580810546875], [92.93315124511719]]
[[41644.905593254], [-9.564482688903809], [2.385552406311035], [91.0978012084961]]
[[41645.105589149], [-7.525770664215088], [-3.1154608726501465], [90.24446105957031]]
[[41645.305590149], [-8.057695388793945], [-3.2513506412506104], [86.8937759399414]]
[[41645.505591043], [-7.734151363372803], [0.7846198081970215], [80.52288818359375]]
[[41645.705591937], [-9.807934761047363], [1.0733230113983154], [70.24333190917969]]
[[41645.905592831], [-10.736627578735352], [1.625327467918396], [68.8625717163086]]
[[41646.105588727], [-7.067739486694336], [-3.1984057426452637], [74.86226654052734]]
[[41646.305589727], [-3.9149301052093506], [-4.084460258483887], [80.64993286132812]]
[[41646.50559062], [-9.43919563293457], [6.395930767059326], [82.00484466552734]]
[[41646.705591515], [-14.776240348815918], [5.939586162567139], [81.88967895507812]]
[[41646.905592409], [-15.006950378417969], [-9.303793907165527], [80.56183624267578]]
[[41647.105588305], [-9.783552169799805], [-26.383296966552734], [71.87377166748047]]
[[41647.305589305], [-6.5559163093566895], [-31.538619995117188], [57.626922607421875]]
[[41647.505590199], [-2.044316530227661], [-26.882598876953125], [39.765953063964844]]
[[41647.705591093], [-3.3575751781463623], [-17.212312698364258], [26.459712982177734]]
[[41647.905591988], [-4.368345737457275], [-9.8867769241333], [18.088592529296875]]
[[41648.105587883], [-2.5476908683776855], [-3.103771448135376], [15.345056533813477]]
[[41648.305588883], [-2.3021812438964844], [-1.4328322410583496], [15.289841651916504]]
[[41648.505589777], [-2.2870900630950928], [-1.3784922361373901], [15.345553398132324]]
[[41648.705590671], [-2.2885377407073975], [-1.3723556995391846], [15.359374046325684]]
[[41648.905591566], [-2.295422315597534], [-1.3659956455230713], [15.358800888061523]]
[[41649.105587462], [-2.2997684478759766], [-1.3606748580932617], [15.34260082244873]]
[[41649.305588462], [-2.310204029083252], [-1.3530198335647583], [15.338055610656738]]
[[41649.505589355], [-2.3110406398773193], [-1.3545475006103516], [15.326369285583496]]
[[41649.70559025], [-2.3062684535980225], [-1.3347331285476685], [15.322110176086426]]
[[41649.905591144], [-2.3053982257843018], [-1.3317203521728516], [15.32292652130127]]
[[41650.10558704], [-2.3083336353302], [-1.3318815231323242], [15.341255187988281]]
[[41650.30558804], [-2.3046135902404785], [-1.3175103664398193], [15.33218002319336]]
[[41650.505588933], [-2.3015804290771484], [-1.3153352737426758], [15.349841117858887]]
[[41650.705589828], [-2.3078222274780273], [-1.3021759986877441], [15.374484062194824]]
[[41650.905590722], [-2.3024516105651855], [-1.2924329042434692], [15.395316123962402]]
[[41651.105586618], [-2.3094849586486816], [-1.2872825860977173], [15.414529800415039]]
[[41651.305587618], [-2.3111298084259033], [-1.2800109386444092], [15.407354354858398]]
[[41651.505588512], [-2.310185670852661], [-1.2743924856185913], [15.423157691955566]]
[[41651.705589406], [-2.317040205001831], [-1.2712421417236328], [15.44273853302002]]
[[41651.905590301], [-2.32025408744812], [-1.2739558219909668], [15.465167045593262]]
[[41652.105586196], [-2.324927806854248], [-1.2671830654144287], [15.488919258117676]]
[[41652.305587196], [-2.3191184997558594], [-1.25869882106781], [15.482253074645996]]
[[41652.50558809], [-2.3173723220825195], [-1.2549325227737427], [15.50911808013916]]
[[41652.705588985], [-2.3230514526367188], [-1.2529072761535645], [15.534862518310547]]
[[41652.905589879], [-2.3251588344573975], [-1.2522757053375244], [15.561882972717285]]
[[41653.105585775], [-2.3280632495880127], [-1.250281572341919], [15.589035987854004]]
[[41653.305586775], [-2.3314321041107178], [-1.2426307201385498], [15.582969665527344]]
[[41653.505587669], [-2.3374741077423096], [-1.2392507791519165], [15.610259056091309]]
[[41653.705588563], [-2.3409671783447266], [-1.2408028841018677], [15.633143424987793]]
[[41653.905589458], [-2.339500665664673], [-1.2396931648254395], [15.65691089630127]]
[[41654.105585353], [-2.341259479522705], [-1.241072177886963], [15.681779861450195]]
[[41654.305586353], [-2.3416731357574463], [-1.2352046966552734], [15.674681663513184]]
[[41654.505587247], [-2.350659132003784], [-1.2407444715499878], [15.693999290466309]]
[[41654.705588142], [-2.3548545837402344], [-1.2526569366455078], [15.710042953491211]]
[[41654.905589036], [-2.354973554611206], [-1.254865288734436], [15.722699165344238]]
[[41655.105584932], [-2.349762201309204], [-1.2494990825653076], [15.72740364074707]]
[[41655.305585932], [-2.336656093597412], [-1.2009532451629639], [15.719127655029297]]
[[41655.505586826], [-2.3460776805877686], [-1.2082017660140991], [15.71881103515625]]
[[41655.70558772], [-2.304064989089966], [-1.0602678060531616], [15.704439163208008]]
[[41655.905588615], [-2.35802960395813], [-1.0303620100021362], [15.659839630126953]]
[[41656.105584511], [-2.0846447944641113], [-0.5266262888908386], [15.513282775878906]]
[[41656.305585511], [-0.2556628882884979], [1.3320585489273071], [10.747198104858398]]
[[41656.505586404], [10.803792953491211], [-2.043734073638916], [1.7269647121429443]]
[[41656.705587299], [18.754310607910156], [-10.111964225769043], [-3.6921677589416504]]
[[41656.905588194], [22.19339942932129], [-3.0699310302734375], [0.21676191687583923]]
[[41657.105584089], [20.039709091186523], [-0.2009911984205246], [6.902989864349365]]
[[41657.305585089], [9.023319244384766], [-2.302780866622925], [12.73240852355957]]
[[41657.505585983], [-2.0149037837982178], [-1.5744074583053589], [17.784481048583984]]
[[41657.705586878], [-13.201822280883789], [-0.9285163879394531], [18.949722290039062]]
[[41657.905587772], [-20.702518463134766], [-3.075448751449585], [15.938724517822266]]
[[41658.105583668], [-23.84564971923828], [-7.868844985961914], [11.633872032165527]]
[[41658.305584668], [-25.539949417114258], [-3.407599449157715], [11.193589210510254]]
[[41658.505585562], [-23.871763229370117], [-2.9636945724487305], [8.11689281463623]]
[[41658.705586456], [-21.042593002319336], [9.716768264770508], [0.6597904562950134]]
[[41658.905587351], [-19.190406799316406], [6.049453258514404], [-3.6855838298797607]]
[[41659.105583247], [-14.987433433532715], [-26.85717010498047], [-8.631599426269531]]
[[41659.305584247], [-14.733539581298828], [-22.433629989624023], [-15.80877685546875]]
[[41659.505585141], [-15.111373901367188], [14.22921085357666], [-22.921998977661133]]
[[41659.705586035], [-13.07396125793457], [-4.191045761108398], [-24.699995040893555]]
[[41659.90558693], [-10.026925086975098], [-20.030288696289062], [-30.34537696838379]]
[[41660.105582826], [-10.558478355407715], [-5.338659763336182], [-39.75202941894531]]
[[41660.305583826], [-12.53886604309082], [8.532010078430176], [-46.13357162475586]]
[[41660.505584719], [-9.863429069519043], [-13.893555641174316], [-43.928558349609375]]
[[41660.705585614], [-4.734219551086426], [-23.802791595458984], [-45.58948516845703]]
[[41660.905586509], [-7.1925811767578125], [8.292383193969727], [-49.77542495727539]]
[[41661.105582404], [-10.546316146850586], [-4.6855149269104], [-50.960636138916016]]
[[41661.305583404], [-11.480219841003418], [-29.062185287475586], [-52.09175491333008]]
[[41661.505584298], [-10.630522727966309], [-3.548211097717285], [-50.999488830566406]]
[[41661.705585193], [-9.21835994720459], [0.2544356882572174], [-45.19233703613281]]
[[41661.905586088], [-17.39996910095215], [-6.340156555175781], [-49.07270812988281]]
[[41662.105581983], [-25.31355094909668], [-8.065345764160156], [-63.98869705200195]]
[[41662.305582983], [-18.000612258911133], [-2.40697979927063], [-81.0350112915039]]
[[41662.505583877], [-0.6293879151344299], [-1.0261706113815308], [-80.23377227783203]]
[[41662.705584772], [4.555174827575684], [-13.054145812988281], [-63.244293212890625]]
[[41662.905585666], [1.9251469373703003], [-18.820676803588867], [-59.1397819519043]]
[[41663.105581562], [-5.1554646492004395], [7.679323673248291], [-61.1591682434082]]
[[41663.305582562], [-10.634125709533691], [-7.644005298614502], [-60.489017486572266]]
[[41663.505583456], [-9.093091011047363], [-9.714437484741211], [-60.66781234741211]]
[[41663.705584351], [-4.018848896026611], [-1.3148390054702759], [-43.83711242675781]]
[[41663.905585246], [6.727701187133789], [4.930173397064209], [-30.43719482421875]]
[[41664.105581141], [-1.1162896156311035], [13.549644470214844], [-33.87600326538086]]
[[41664.305582141], [-15.967418670654297], [-4.812633514404297], [-32.39593505859375]]
[[41664.505583035], [-26.639366149902344], [-10.548531532287598], [-23.317909240722656]]
[[41664.70558393], [-31.453414916992188], [-5.970226287841797], [-18.142255783081055]]
[[41664.905584825], [-32.49199295043945], [-0.09342528134584427], [-19.807090759277344]]
[[41665.105580721], [-27.793882369995117], [2.9774067401885986], [-29.655616760253906]]
[[41665.305581721], [-31.643064498901367], [-9.806897163391113], [-39.1527099609375]]
[[41665.505582614], [-26.573707580566406], [-3.7548828125], [-61.06619644165039]]
[[41665.705583509], [-17.81121826171875], [-6.357712268829346], [-60.808921813964844]]
[[41665.905584404], [-8.927794456481934], [-12.41854190826416], [-52.94112777709961]]
[[41666.105580299], [-6.09316873550415], [-9.877276420593262], [-53.34645462036133]]
[[41666.305581299], [-10.647543907165527], [-21.58525848388672], [-60.07732009887695]]
[[41666.505582193], [-8.365030288696289], [-14.487680435180664], [-69.19514465332031]]
[[41666.705583088], [-1.588531732559204], [-9.519477844238281], [-71.97813415527344]]
[[41666.905583983], [5.127985954284668], [-15.827911376953125], [-75.45234680175781]]
[[41667.105579878], [2.555394172668457], [-11.685608863830566], [-82.30116271972656]]
[[41667.305580878], [-3.3043384552001953], [-3.5095722675323486], [-85.39946746826172]]
[[41667.505581772], [-7.02493953704834], [9.377729415893555], [-85.02605438232422]]
[[41667.705582667], [-7.102291107177734], [-0.567855954170227], [-77.67736053466797]]
[[41667.905583562], [-2.4301397800445557], [-29.3388729095459], [-70.46353912353516]]
[[41668.105579458], [-3.9014618396759033], [-14.658588409423828], [-69.13491821289062]]
[[41668.305580458], [-6.029016017913818], [4.8570966720581055], [-71.88603210449219]]
[[41668.505581352], [-11.203025817871094], [-17.64690589904785], [-72.82596588134766]]
[[41668.705582246], [-6.767542362213135], [-12.530194282531738], [-68.86111450195312]]
[[41668.905583141], [-5.277038097381592], [-6.305195331573486], [-59.925655364990234]]
[[41669.105579037], [-6.614768981933594], [-8.626145362854004], [-57.64571762084961]]
[[41669.305580037], [-2.79496169090271], [-9.107726097106934], [-61.412559509277344]]
[[41669.505580931], [5.18101167678833], [-10.975903511047363], [-64.31310272216797]]
[[41669.705581826], [-3.871040105819702], [-6.134204864501953], [-62.241310119628906]]
[[41669.90558272], [-15.750767707824707], [-9.518306732177734], [-57.35382843017578]]
[[41670.105578616], [-16.465837478637695], [-10.425582885742188], [-58.86302947998047]]
[[41670.305579616], [-10.835046768188477], [-8.03488826751709], [-58.75994110107422]]
[[41670.50558051], [-11.004715919494629], [-8.508679389953613], [-63.35837173461914]]
[[41670.705581405], [-10.154892921447754], [-7.011087894439697], [-61.55133819580078]]
[[41670.9055823], [-8.841394424438477], [-10.89099407196045], [-57.799198150634766]]
[[41671.105578196], [-11.71391487121582], [-7.27856969833374], [-60.910404205322266]]
[[41671.305579196], [-13.24631404876709], [-6.091300964355469], [-69.9435043334961]]
[[41671.505580089], [-12.042210578918457], [-2.809380531311035], [-85.46243286132812]]
[[41671.705580984], [-10.550284385681152], [-2.826324462890625], [-96.26287841796875]]
[[41671.905581879], [-5.938449859619141], [-8.657605171203613], [-104.37720489501953]]
[[41672.105577775], [-5.053108215332031], [-5.3006134033203125], [-113.74137115478516]]
[[41672.305578775], [-6.351900100708008], [-7.599575042724609], [-122.70425415039062]]
[[41672.505579669], [-14.130925178527832], [-6.173486232757568], [-131.45220947265625]]
[[41672.705580564], [-17.102216720581055], [-3.889085054397583], [-131.72723388671875]]
[[41672.905581459], [-9.730269432067871], [-12.391082763671875], [-125.70497131347656]]
[[41673.105577354], [-11.575066566467285], [-13.650277137756348], [-124.8939208984375]]
[[41673.305578354], [-11.708052635192871], [-14.508406639099121], [-127.42593383789062]]
[[41673.505579248], [-12.371681213378906], [-10.507903099060059], [-130.18190002441406]]
[[41673.705580143], [-14.400697708129883], [-8.31750774383545], [-123.03362274169922]]
[[41673.905581038], [-8.494023323059082], [-9.47509765625], [-90.74858093261719]]
[[41674.105576934], [0.021222366020083427], [-0.2511359751224518], [-45.26469039916992]]
[[41674.305577934], [0.04540180042386055], [-0.7683796882629395], [-19.28993034362793]]
[[41674.505578828], [3.661397695541382], [-5.746186256408691], [-13.05702018737793]]
[[41674.705579723], [1.8437621593475342], [-9.660506248474121], [-13.569865226745605]]
[[41674.905580617], [1.9467138051986694], [-8.308911323547363], [-5.420522689819336]]
[[41675.105576513], [2.433485507965088], [-4.857117176055908], [-4.89406156539917]]
[[41675.305577513], [-7.10076904296875], [-8.724878311157227], [-9.899809837341309]]
[[41675.505578407], [-1.1946710348129272], [-11.176379203796387], [-13.203987121582031]]
[[41675.705579302], [6.192359924316406], [-7.471386909484863], [-15.168349266052246]]
[[41675.905580197], [2.3632166385650635], [-8.464690208435059], [-12.405516624450684]]
[[41676.105576093], [-0.6945050954818726], [-7.57625675201416], [-6.546382427215576]]
[[41676.305577093], [-6.030055046081543], [-3.741661310195923], [-10.707715034484863]]
[[41676.505577987], [1.1194970607757568], [-16.694419860839844], [-15.539763450622559]]
[[41676.705578881], [-0.7908984422683716], [-15.725332260131836], [-13.115065574645996]]
[[41676.905579776], [-4.89388370513916], [-10.725080490112305], [-8.677390098571777]]
[[41677.105575672], [-0.5197245478630066], [-11.376609802246094], [-2.5006628036499023]]
[[41677.305576672], [-4.33273458480835], [-8.7086820602417], [-4.8281683921813965]]
[[41677.505577566], [-2.7836921215057373], [-12.806635856628418], [-5.950483798980713]]
[[41677.705578461], [-4.2671799659729], [-10.213760375976562], [-0.6868916153907776]]
[[41677.905579356], [-5.957113742828369], [-10.184820175170898], [0.2912504971027374]]
[[41678.105575252], [-4.535301685333252], [-9.184833526611328], [-18.0484676361084]]
[[41678.305576252], [-6.1763811111450195], [-16.573041915893555], [-65.08390045166016]]
[[41678.705578041], [-18.638412475585938], [-15.553640365600586], [-148.0240478515625]]
[[41678.905578936], [-16.664644241333008], [-22.539945602416992], [-146.2097930908203]]
[[41679.105574832], [-12.85634994506836], [-27.80953598022461], [-148.52267456054688]]
[[41679.305575832], [-6.819176197052002], [-23.982938766479492], [-156.84576416015625]]
[[41679.505576726], [-2.7610747814178467], [-18.725536346435547], [-158.1982879638672]]
[[41679.705577621], [-10.278412818908691], [-14.801969528198242], [-161.25340270996094]]
[[41679.905578516], [-15.933979034423828], [-12.375746726989746], [-152.92819213867188]]
[[41680.105574412], [-19.16086196899414], [-21.322717666625977], [-149.34423828125]]
[[41680.305575412], [-13.986085891723633], [-17.665878295898438], [-147.1002960205078]]
[[41680.505576306], [-8.818217277526855], [-15.528058052062988], [-147.8555908203125]]
[[41680.705577201], [-20.085742950439453], [-14.830265045166016], [-150.0233612060547]]
[[41680.905578096], [-22.260299682617188], [-14.39253044128418], [-144.72242736816406]]
[[41681.105573992], [-13.717899322509766], [-22.217853546142578], [-136.63844299316406]]
[[41681.305574992], [-17.53280258178711], [-14.18275260925293], [-142.32150268554688]]
[[41681.505575886], [-16.781923294067383], [-16.447492599487305], [-148.4038848876953]]
[[41681.705576781], [-19.654630661010742], [-17.513317108154297], [-154.96044921875]]
[[41681.905577676], [-17.65452003479004], [-20.001684188842773], [-141.8436737060547]]
[[41682.105573572], [-9.990416526794434], [-24.028837203979492], [-115.9654541015625]]
[[41682.305574572], [2.297982692718506], [-14.875529289245605], [-95.48424530029297]]
[[41682.505575466], [8.639448165893555], [-15.392772674560547], [-86.78303527832031]]
[[41682.705576361], [5.871932506561279], [-5.9497809410095215], [-78.25675964355469]]
[[41682.905577256], [4.409295082092285], [-1.288275122642517], [-67.81290435791016]]
[[41683.105573152], [3.480048894882202], [-17.68931770324707], [-51.52778244018555]]
[[41683.305574152], [5.106942653656006], [-27.603893280029297], [-36.49604797363281]]
[[41683.505575046], [8.100457191467285], [-21.67363929748535], [-22.885414123535156]]
[[41683.705575941], [4.619760036468506], [-14.984101295471191], [-11.440529823303223]]
[[41683.905576836], [0.92946857213974], [-12.068262100219727], [-1.889357328414917]]
[[41684.105572732], [-1.677539587020874], [-7.859510898590088], [10.908034324645996]]
[[41684.305573732], [-2.4422476291656494], [-6.818716049194336], [16.124074935913086]]
[[41684.505574626], [-0.03695572540163994], [-2.7191998958587646], [16.0220890045166]]
[[41684.705575521], [-0.14691981673240662], [-1.4941017627716064], [16.117908477783203]]
[[41684.905576417], [-0.14093688130378723], [-1.4424371719360352], [16.115861892700195]]
[[41685.105572313], [-0.14988714456558228], [-1.4321439266204834], [16.084903717041016]]
[[41685.305573313], [-0.05532195046544075], [-1.8175381422042847], [16.095226287841797]]
[[41685.505574207], [-0.03126676380634308], [-1.694792628288269], [16.089107513427734]]
[[41685.705575102], [0.00035959878005087376], [-1.9195199012756348], [16.05484390258789]]
[[41685.905575997], [-0.10404817014932632], [-1.5746592283248901], [16.022354125976562]]
[[41686.105571893], [-0.16187399625778198], [-1.3681687116622925], [16.03775405883789]]
[[41686.305572893], [-0.14703913033008575], [-1.4059585332870483], [16.027103424072266]]
[[41686.505573787], [-0.15619497001171112], [-1.3804361820220947], [16.039098739624023]]
[[41686.705574682], [-0.16528069972991943], [-1.374903678894043], [16.052370071411133]]
[[41686.905575577], [-0.16811276972293854], [-1.3606109619140625], [16.077083587646484]]
[[41687.105571473], [-0.17028506100177765], [-1.3548461198806763], [16.07140350341797]]
[[41687.305572473], [-0.17058487236499786], [-1.3566114902496338], [16.080984115600586]]
[[41687.505573367], [-0.17898088693618774], [-1.3397047519683838], [16.097110748291016]]
[[41687.705574262], [-0.17975322902202606], [-1.3393502235412598], [16.108304977416992]]
[[41687.905575157], [-0.1822350174188614], [-1.3252333402633667], [16.122163772583008]]
[[41688.105571053], [-0.175185889005661], [-1.3307994604110718], [16.111337661743164]]
[[41688.305572053], [-0.18258552253246307], [-1.310257077217102], [16.12210464477539]]
[[41688.505572947], [-0.18409864604473114], [-1.3087519407272339], [16.123186111450195]]
[[41688.705573843], [-0.1882975995540619], [-1.2966601848602295], [16.140384674072266]]
[[41688.905574738], [-0.19327951967716217], [-1.2927653789520264], [16.127872467041016]]
[[41689.105570634], [-0.1892963945865631], [-1.2939330339431763], [16.116024017333984]]
[[41689.305571634], [-0.18789827823638916], [-1.2962603569030762], [16.106365203857422]]
[[41689.505572528], [-0.19297859072685242], [-1.2901660203933716], [16.089614868164062]]
[[41689.705573423], [-0.2011590301990509], [-1.2733144760131836], [16.074094772338867]]
[[41689.905574318], [-0.2035353183746338], [-1.277134656906128], [16.054126739501953]]
[[41690.105570214], [-0.20465926826000214], [-1.271155595779419], [16.032808303833008]]
[[41690.305571214], [-0.20348885655403137], [-1.267144799232483], [16.023921966552734]]
[[41690.505572108], [-0.20772358775138855], [-1.275314211845398], [15.994359970092773]]
[[41690.705573003], [-0.21228662133216858], [-1.2615656852722168], [15.973556518554688]]
[[41690.905573898], [-0.21271154284477234], [-1.2648869752883911], [15.941243171691895]]
[[41691.105569795], [-0.2127118855714798], [-1.260344386100769], [15.926898002624512]]
[[41691.305570795], [-0.20886997878551483], [-1.2633589506149292], [15.896367073059082]]
[[41691.505571689], [-0.20978491008281708], [-1.2648168802261353], [15.88282299041748]]
[[41691.705572584], [-0.2112172693014145], [-1.2637786865234375], [15.86702823638916]]
[[41691.905573479], [-0.216772198677063], [-1.2487082481384277], [15.850886344909668]]
[[41692.105569375], [-0.22823475301265717], [-1.2363975048065186], [15.841171264648438]]
[[41692.305570375], [-0.22765737771987915], [-1.2408382892608643], [15.818400382995605]]
[[41692.505571269], [-0.23238366842269897], [-1.2470676898956299], [15.80780029296875]]
[[41692.905573059], [-0.22993730008602142], [-1.2393180131912231], [15.775691986083984]]
[[41693.105568955], [-0.22821004688739777], [-1.2341464757919312], [15.76815128326416]]
[[41693.305569955], [-0.2272522896528244], [-1.2279813289642334], [15.750741004943848]]
[[41693.505570849], [-0.22232601046562195], [-1.2345006465911865], [15.737220764160156]]
[[41694.105568536], [-0.2268308848142624], [-1.245749831199646], [15.70179271697998]]
[[41694.305569536], [-0.22421929240226746], [-1.2467341423034668], [15.688348770141602]]
[[41694.705571325], [-0.21738342940807343], [-1.2525839805603027], [15.660515785217285]]
[[41694.90557222], [-0.21542492508888245], [-1.2579231262207031], [15.649674415588379]]
[[41695.105568117], [-0.21945728361606598], [-1.2533069849014282], [15.639262199401855]]
[[41695.305569117], [-0.2186717838048935], [-1.2591866254806519], [15.629865646362305]]
