[[41611.605605312], [497.2905921936035]]
[[41611.705606312], [497.29119300842285]]
[[41611.805606312], [497.2918281555176]]
[[41611.905607206], [497.28850650787354]]
[[41612.005608206], [497.28891468048096]]
[[41612.105603102], [497.2878761291504]]
[[41612.205603102], [497.2882671356201]]
[[41612.305604102], [497.28870964050293]]
[[41612.405603995], [497.28746223449707]]
[[41612.505604995], [497.28778648376465]]
[[41612.605604889], [497.28751850128174]]
[[41612.705605889], [497.28786849975586]]
[[41612.805605889], [497.28822231292725]]
[[41612.905606783], [497.2871084213257]]
[[41613.005606783], [497.28743839263916]]
[[41613.105602678], [497.2861909866333]]
[[41613.205602678], [497.2864570617676]]
[[41613.305603678], [497.2868242263794]]
[[41613.405603571], [497.28618240356445]]
[[41613.505604571], [497.2865152359009]]
[[41613.605604465], [497.28633213043213]]
[[41613.705605465], [497.2867212295532]]
[[41613.805605465], [497.28712368011475]]
[[41613.905606359], [497.2880001068115]]
[[41614.005607359], [497.28852462768555]]
[[41614.105602255], [497.28786182403564]]
[[41614.205602255], [497.288387298584]]
[[41614.305603255], [497.28892993927]]
[[41614.405603148], [497.28812980651855]]
[[41614.505604148], [497.2886390686035]]
[[41614.605604042], [497.28714656829834]]
[[41614.705605042], [497.28755283355713]]
[[41614.805605042], [497.2880439758301]]
[[41614.905605936], [497.2863063812256]]
[[41615.005606936], [497.2866611480713]]
[[41615.105601831], [497.28534030914307]]
[[41615.205601831], [497.28564262390137]]
[[41615.305602831], [497.2859888076782]]
[[41615.405602724], [497.28609466552734]]
[[41615.505603724], [497.286509513855]]
[[41615.605603618], [497.2869348526001]]
[[41615.705604618], [497.28614234924316]]
[[41615.805604618], [497.2865991592407]]
[[41615.905605512], [497.2857780456543]]
[[41616.005606512], [497.28618144989014]]
[[41616.105601408], [497.28690242767334]]
[[41616.205601408], [497.28741931915283]]
[[41616.305602408], [497.2880153656006]]
[[41616.405602301], [497.2884292602539]]
[[41616.505603301], [497.2890844345093]]
[[41616.605603195], [497.2897787094116]]
[[41616.705604195], [497.28896045684814]]
[[41616.805604195], [497.2896203994751]]
[[41616.905605089], [497.27817249298096]]
[[41617.005605089], [497.2781181335449]]
[[41617.105600984], [497.2739133834839]]
[[41617.205600984], [497.2735528945923]]
[[41617.305601984], [497.2729139328003]]
[[41617.405601877], [497.2724199295044]]
[[41617.505602877], [497.2717456817627]]
[[41617.605602771], [497.2736940383911]]
[[41617.705603771], [497.2741594314575]]
[[41617.805603771], [497.2759943008423]]
[[41617.905604666], [497.2794179916382]]
[[41618.005605666], [497.27739238739014]]
[[41618.105600561], [497.27619552612305]]
[[41618.205600561], [497.27716064453125]]
[[41618.305601561], [497.27748680114746]]
[[41618.405601454], [497.27595615386963]]
[[41618.505602454], [497.275652885437]]
[[41618.605602348], [497.275785446167]]
[[41618.705603348], [497.27492237091064]]
[[41618.805603348], [497.2747173309326]]
[[41618.905604242], [497.2709741592407]]
[[41619.005605242], [497.27105808258057]]
[[41619.105600137], [497.26705741882324]]
[[41619.205600137], [497.2670249938965]]
[[41619.305601137], [497.267071723938]]
[[41619.405601031], [497.2629871368408]]
[[41619.505602031], [497.263973236084]]
[[41619.605601925], [497.26855087280273]]
[[41619.705602925], [497.30022621154785]]
[[41619.805602925], [497.3605089187622]]
[[41619.905603819], [497.43297004699707]]
[[41620.005604819], [497.5222463607788]]
[[41620.105599714], [497.6112413406372]]
[[41620.205599714], [497.6943578720093]]
[[41620.305600714], [497.77599906921387]]
[[41620.405600607], [497.87463569641113]]
[[41620.505601607], [497.9350357055664]]
[[41620.605601501], [497.97712993621826]]
[[41620.705602501], [497.986798286438]]
[[41620.805602501], [497.97776222229004]]
[[41620.905603396], [497.96362113952637]]
[[41621.005604396], [497.95662212371826]]
[[41621.105599291], [497.95676708221436]]
[[41621.205599291], [497.97500133514404]]
[[41621.305600291], [497.9829406738281]]
[[41621.405600185], [497.9711103439331]]
[[41621.505601185], [497.96682357788086]]
[[41621.605601079], [497.97361278533936]]
[[41621.705602079], [497.9963541030884]]
[[41621.805602079], [497.9975862503052]]
[[41621.905602973], [497.97170066833496]]
[[41622.005602973], [497.9472322463989]]
[[41622.105598868], [497.94332122802734]]
[[41622.205598868], [497.95858001708984]]
[[41622.305599868], [497.96213245391846]]
[[41622.405599761], [497.9223928451538]]
[[41622.505600761], [497.8912715911865]]
[[41622.605600656], [497.88406562805176]]
[[41622.705601656], [497.91825103759766]]
[[41622.805601656], [497.93839740753174]]
[[41622.90560255], [497.92645168304443]]
[[41623.00560355], [497.899263381958]]
[[41623.105598445], [497.9046516418457]]
[[41623.205598445], [497.93288135528564]]
[[41623.305599445], [497.95543479919434]]
[[41623.405599338], [497.94576835632324]]
[[41623.505600338], [497.92645835876465]]
[[41623.605600233], [497.91917991638184]]
[[41623.705601233], [497.9396619796753]]
[[41623.805601233], [497.95752239227295]]
[[41623.905602127], [497.9439506530762]]
[[41624.005603127], [497.91925144195557]]
[[41624.105598022], [497.9029369354248]]
[[41624.205598022], [497.9196710586548]]
[[41624.305599022], [497.944299697876]]
[[41624.405598915], [497.94288539886475]]
[[41624.505599915], [497.91891860961914]]
[[41624.60559981], [497.89827156066895]]
[[41624.70560081], [497.90988540649414]]
[[41624.80560081], [497.93491649627686]]
[[41624.905601704], [497.9283456802368]]
[[41625.005602704], [497.8971309661865]]
[[41625.105597599], [497.87448024749756]]
[[41625.205597599], [497.8811731338501]]
[[41625.305598599], [497.90491008758545]]
[[41625.405598492], [497.9020023345947]]
[[41625.505599492], [497.874680519104]]
[[41625.605599387], [497.85141944885254]]
[[41625.705600387], [497.8679485321045]]
[[41625.805600387], [497.8866310119629]]
[[41625.905601281], [497.88313579559326]]
[[41626.005601281], [497.8559579849243]]
[[41626.105597176], [497.8379383087158]]
[[41626.205597176], [497.84156608581543]]
[[41626.305598176], [497.84831714630127]]
[[41626.405598069], [497.8367500305176]]
[[41626.505599069], [497.80554580688477]]
[[41626.605598964], [497.78589248657227]]
[[41626.705599964], [497.7916774749756]]
[[41626.805599964], [497.7994441986084]]
[[41626.905600858], [497.7858543395996]]
[[41627.005601858], [497.7622537612915]]
[[41627.105596753], [497.7497673034668]]
[[41627.205596753], [497.76901626586914]]
[[41627.305597753], [497.7828531265259]]
[[41627.405597646], [497.7904109954834]]
[[41627.505598646], [497.79057216644287]]
[[41627.60559854], [497.7904167175293]]
[[41627.70559954], [497.7716073989868]]
[[41627.80559954], [497.75559997558594]]
[[41627.905600435], [497.75846576690674]]
[[41628.005601435], [497.79546642303467]]
[[41628.10559633], [497.81831073760986]]
[[41628.20559633], [497.8292474746704]]
[[41628.30559733], [497.8245658874512]]
[[41628.405597223], [497.81786346435547]]
[[41628.505598223], [497.8352384567261]]
[[41628.605598118], [497.85634422302246]]
[[41628.705599118], [497.85880947113037]]
[[41628.805599118], [497.8440189361572]]
[[41628.905600012], [497.84986305236816]]
[[41629.005601012], [497.8914375305176]]
[[41629.105595907], [497.9306831359863]]
[[41629.205595907], [497.94642639160156]]
[[41629.305596907], [497.93128871917725]]
[[41629.4055968], [497.9144525527954]]
[[41629.5055978], [497.92851734161377]]
[[41629.605597695], [497.98216438293457]]
[[41629.705598695], [498.00037384033203]]
[[41629.805598695], [497.99499225616455]]
[[41629.905599589], [498.01751613616943]]
[[41630.005599589], [498.0485248565674]]
[[41630.105595484], [498.0883617401123]]
[[41630.205595484], [498.1085433959961]]
[[41630.305596484], [498.0893278121948]]
[[41630.405596377], [498.08510971069336]]
[[41630.505597377], [498.10294818878174]]
[[41630.605597272], [498.1506595611572]]
[[41630.705598272], [498.18303298950195]]
[[41630.805598272], [498.17500400543213]]
[[41630.905599166], [498.14971923828125]]
[[41631.005600166], [498.15730381011963]]
[[41631.105595062], [498.17329597473145]]
[[41631.205595062], [498.18542098999023]]
[[41631.305596062], [498.1657934188843]]
[[41631.405595955], [498.13551807403564]]
[[41631.505596955], [498.1630916595459]]
[[41631.605596849], [498.19865131378174]]
[[41631.705597849], [498.2198314666748]]
[[41631.805597849], [498.1989278793335]]
[[41631.905598744], [498.16303539276123]]
[[41632.005599744], [498.1706018447876]]
[[41632.105594639], [498.1997833251953]]
[[41632.205594639], [498.2117919921875]]
[[41632.305595639], [498.19220638275146]]
[[41632.405595533], [498.17301082611084]]
[[41632.505596533], [498.18403244018555]]
[[41632.605596427], [498.2169990539551]]
[[41632.705597427], [498.2338037490845]]
[[41632.805597427], [498.22092151641846]]
[[41632.905598321], [498.2096405029297]]
[[41633.005599321], [498.21199131011963]]
[[41633.105594217], [498.244966506958]]
[[41633.205594217], [498.26441955566406]]
[[41633.305595217], [498.2464208602905]]
[[41633.40559511], [498.20961570739746]]
[[41633.50559611], [498.207483291626]]
[[41633.605596004], [498.230055809021]]
[[41633.705597004], [498.2502450942993]]
[[41633.805597004], [498.23609733581543]]
[[41633.905597899], [498.2055940628052]]
[[41634.005597899], [498.21239948272705]]
[[41634.105593794], [498.240327835083]]
[[41634.205593794], [498.26009941101074]]
[[41634.305594794], [498.2358732223511]]
[[41634.405594688], [498.1926851272583]]
[[41634.505595688], [498.1937770843506]]
[[41634.605595582], [498.2188081741333]]
[[41634.705596582], [498.2391691207886]]
[[41634.805596582], [498.2293462753296]]
[[41634.905597476], [498.2213296890259]]
[[41635.005598476], [498.22113704681396]]
[[41635.105593372], [498.256854057312]]
[[41635.205593372], [498.2685213088989]]
[[41635.305594372], [498.24697971343994]]
[[41635.405594265], [498.22200202941895]]
[[41635.505595265], [498.22039890289307]]
[[41635.605595159], [498.2385559082031]]
[[41635.705596159], [498.2628765106201]]
[[41635.805596159], [498.25214290618896]]
[[41635.905597054], [498.2152519226074]]
[[41636.005598054], [498.21224784851074]]
[[41636.105592949], [498.24012756347656]]
[[41636.205592949], [498.2673053741455]]
[[41636.305593949], [498.25846004486084]]
[[41636.405593843], [498.2467956542969]]
[[41636.505594843], [498.2639265060425]]
[[41636.605594737], [498.303786277771]]
[[41636.705595737], [498.3203067779541]]
[[41636.805595737], [498.2968740463257]]
[[41636.905596632], [498.2616710662842]]
[[41637.005597632], [498.260591506958]]
[[41637.105592527], [498.29007053375244]]
[[41637.205592527], [498.30818271636963]]
[[41637.305593527], [498.2922191619873]]
[[41637.40559342], [498.26335430145264]]
[[41637.50559442], [498.26265716552734]]
[[41637.605594315], [498.2954034805298]]
[[41637.705595315], [498.32819652557373]]
[[41637.805595315], [498.32248401641846]]
[[41637.905596209], [498.2935218811035]]
[[41638.005597209], [498.27005195617676]]
[[41638.105592104], [498.28205966949463]]
[[41638.205592104], [498.3155288696289]]
[[41638.305593104], [498.34839153289795]]
[[41638.405592998], [498.34979248046875]]
[[41638.505593998], [498.32959365844727]]
[[41638.605593892], [498.30687046051025]]
[[41638.705594892], [498.2952718734741]]
[[41638.805594892], [498.31788063049316]]
[[41638.905595787], [498.3730888366699]]
[[41639.005595787], [498.4180555343628]]
[[41639.105591682], [498.4426689147949]]
[[41639.205591682], [498.4551000595093]]
[[41639.305592682], [498.45769786834717]]
[[41639.405592575], [498.46163177490234]]
[[41639.505593575], [498.45987606048584]]
[[41639.60559347], [498.4578399658203]]
[[41639.70559447], [498.4529504776001]]
[[41639.80559447], [498.4477310180664]]
[[41639.905595364], [498.44092655181885]]
[[41640.005596364], [498.4191074371338]]
[[41640.10559126], [498.38702964782715]]
[[41640.20559126], [498.36168384552]]
[[41640.30559226], [498.3767280578613]]
[[41640.405592153], [498.4044256210327]]
[[41640.505593153], [498.40219593048096]]
[[41640.605593048], [498.36236572265625]]
[[41640.705594048], [498.34439277648926]]
[[41640.805594048], [498.3564291000366]]
[[41640.905594942], [498.38172912597656]]
[[41641.005595942], [498.3937931060791]]
[[41641.105590838], [498.3672561645508]]
[[41641.205590838], [498.3461742401123]]
[[41641.305591838], [498.36474609375]]
[[41641.405591731], [498.4006748199463]]
[[41641.505592731], [498.42508029937744]]
[[41641.605592625], [498.40106296539307]]
[[41641.705593625], [498.3805913925171]]
[[41641.805593625], [498.3808946609497]]
[[41641.90559452], [498.41171741485596]]
[[41642.00559552], [498.44340991973877]]
[[41642.105590415], [498.43518257141113]]
[[41642.205590415], [498.4064302444458]]
[[41642.305591415], [498.3893918991089]]
[[41642.405591309], [498.40931510925293]]
[[41642.505592309], [498.43794441223145]]
[[41642.605592203], [498.44226837158203]]
[[41642.705593203], [498.41951847076416]]
[[41642.805593203], [498.407639503479]]
[[41642.905594098], [498.4456605911255]]
[[41643.005594098], [498.5007572174072]]
[[41643.105589993], [498.53969860076904]]
[[41643.205589993], [498.52281951904297]]
[[41643.305590993], [498.4984197616577]]
[[41643.405590887], [498.5244207382202]]
[[41643.505591887], [498.5679111480713]]
[[41643.605591781], [498.586049079895]]
[[41643.705592781], [498.5599880218506]]
[[41643.805592781], [498.5467014312744]]
[[41643.905593676], [498.571985244751]]
[[41644.005594676], [498.6278476715088]]
[[41644.105589571], [498.6767873764038]]
[[41644.205589571], [498.6706657409668]]
[[41644.305590571], [498.6508893966675]]
[[41644.405590465], [498.65557193756104]]
[[41644.505591465], [498.692702293396]]
[[41644.605591359], [498.71556282043457]]
[[41644.705592359], [498.7034578323364]]
[[41644.805592359], [498.6870069503784]]
[[41644.905593254], [498.7008743286133]]
[[41645.005594254], [498.7492380142212]]
[[41645.105589149], [498.7867479324341]]
[[41645.205589149], [498.7907495498657]]
[[41645.305590149], [498.772762298584]]
[[41645.405590043], [498.76855850219727]]
[[41645.505591043], [498.80172634124756]]
[[41645.605590937], [498.83426570892334]]
[[41645.705591937], [498.84088611602783]]
[[41645.805591937], [498.82217502593994]]
[[41645.905592831], [498.80567932128906]]
[[41646.005593831], [498.829402923584]]
[[41646.105588727], [498.86925888061523]]
[[41646.205588727], [498.87900161743164]]
[[41646.305589727], [498.8394660949707]]
[[41646.40558962], [498.79747772216797]]
[[41646.50559062], [498.8066072463989]]
[[41646.605590515], [498.8710136413574]]
[[41646.705591515], [498.95577335357666]]
[[41646.805591515], [499.05071926116943]]
[[41646.905592409], [499.1584224700928]]
[[41647.005592409], [499.287672996521]]
[[41647.105588305], [499.4087257385254]]
[[41647.205588305], [499.516562461853]]
[[41647.305589305], [499.5901861190796]]
[[41647.405589199], [499.619966506958]]
[[41647.505590199], [499.61421966552734]]
[[41647.605590093], [499.5773639678955]]
[[41647.705591093], [499.5265245437622]]
[[41647.805591093], [499.4800043106079]]
[[41647.905591988], [499.4365768432617]]
[[41648.005592988], [499.4209814071655]]
[[41648.105587883], [499.4156675338745]]
[[41648.205587883], [499.4146137237549]]
[[41648.305588883], [499.4140510559082]]
[[41648.405588777], [499.41027450561523]]
[[41648.505589777], [499.40966033935547]]
[[41648.605589671], [499.4051685333252]]
[[41648.705590671], [499.4043855667114]]
[[41648.805590671], [499.40361499786377]]
[[41648.905591566], [499.40345764160156]]
[[41649.005592566], [499.4028072357178]]
[[41649.105587462], [499.4015016555786]]
[[41649.205587462], [499.40087032318115]]
[[41649.305588462], [499.4003019332886]]
[[41649.405588355], [499.39830207824707]]
[[41649.505589355], [499.39771366119385]]
[[41649.60558925], [499.3990716934204]]
[[41649.70559025], [499.3986864089966]]
[[41649.80559025], [499.3983507156372]]
[[41649.905591144], [499.3993740081787]]
[[41650.005591144], [499.399169921875]]
[[41650.10558704], [499.4026231765747]]
[[41650.20558704], [499.40278816223145]]
[[41650.30558804], [499.40296363830566]]
[[41650.405587933], [499.40400791168213]]
[[41650.505588933], [499.40434646606445]]
[[41650.605588828], [499.4059066772461]]
[[41650.705589828], [499.4063901901245]]
[[41650.805589828], [499.4069652557373]]
[[41650.905590722], [499.40808868408203]]
[[41651.005591722], [499.40880393981934]]
[[41651.105586618], [499.4127826690674]]
[[41651.205586618], [499.41383361816406]]
[[41651.305587618], [499.4149646759033]]
[[41651.405587512], [499.41723251342773]]
[[41651.505588512], [499.41851139068604]]
[[41651.605588406], [499.41854190826416]]
[[41651.705589406], [499.4198217391968]]
[[41651.805589406], [499.42115020751953]]
[[41651.905590301], [499.4199857711792]]
[[41652.005591301], [499.4211730957031]]
[[41652.105586196], [499.41976833343506]]
[[41652.205586196], [499.42084789276123]]
[[41652.305587196], [499.421968460083]]
[[41652.40558709], [499.41988945007324]]
[[41652.50558809], [499.4208354949951]]
[[41652.605587985], [499.4202604293823]]
[[41652.705588985], [499.42114639282227]]
[[41652.805588985], [499.422082901001]]
[[41652.905589879], [499.4217882156372]]
[[41653.005590879], [499.4226818084717]]
[[41653.105585775], [499.4244222640991]]
[[41653.205585775], [499.42544746398926]]
[[41653.305586775], [499.42648696899414]]
[[41653.405586669], [499.425518989563]]
[[41653.505587669], [499.4264860153198]]
[[41653.605587563], [499.4274787902832]]
[[41653.705588563], [499.42527294158936]]
[[41653.805588563], [499.4261064529419]]
[[41653.905589458], [499.4230890274048]]
[[41654.005589458], [499.42370223999023]]
[[41654.105585353], [499.4216766357422]]
[[41654.205585353], [499.4221668243408]]
[[41654.305586353], [499.42267417907715]]
[[41654.405586247], [499.4218873977661]]
[[41654.505587247], [499.4223461151123]]
[[41654.605587142], [499.42349910736084]]
[[41654.705588142], [499.4241428375244]]
[[41654.805588142], [499.4248170852661]]
[[41654.905589036], [499.42503452301025]]
[[41655.005590036], [499.4257478713989]]
[[41655.105584932], [499.42339515686035]]
[[41655.205584932], [499.4239692687988]]
[[41655.305585932], [499.4245710372925]]
[[41655.405585826], [499.42578983306885]]
[[41655.505586826], [499.426474571228]]
[[41655.60558672], [499.43177032470703]]
[[41655.70558772], [499.43295669555664]]
[[41655.80558772], [499.43412685394287]]
[[41655.905588615], [499.4382085800171]]
[[41656.005589615], [499.43986988067627]]
[[41656.105584511], [499.44356632232666]]
[[41656.205584511], [499.4461488723755]]
[[41656.305585511], [499.4522171020508]]
[[41656.405585404], [499.4678373336792]]
[[41656.505586404], [499.48733711242676]]
[[41656.605586299], [499.50115489959717]]
[[41656.705587299], [499.51451873779297]]
[[41656.805587299], [499.51111221313477]]
[[41656.905588194], [499.4682159423828]]
[[41657.005589194], [499.41069507598877]]
[[41657.105584089], [499.33008193969727]]
[[41657.205584089], [499.24614906311035]]
[[41657.305585089], [499.1720676422119]]
[[41657.405584983], [499.1142473220825]]
[[41657.505585983], [499.0861978530884]]
[[41657.605585878], [499.06368827819824]]
[[41657.705586878], [499.0402898788452]]
[[41657.805586878], [499.0430631637573]]
[[41657.905587772], [499.07348346710205]]
[[41658.005587772], [499.1052494049072]]
[[41658.105583668], [499.1143808364868]]
[[41658.205583668], [499.0966987609863]]
[[41658.305584668], [499.0931930541992]]
[[41658.405584562], [499.12903118133545]]
[[41658.505585562], [499.17831897735596]]
[[41658.605585456], [499.2150192260742]]
[[41658.705586456], [499.2131128311157]]
[[41658.805586456], [499.19531536102295]]
[[41658.905587351], [499.2003421783447]]
[[41659.005588351], [499.24060249328613]]
[[41659.105583247], [499.2785863876343]]
[[41659.205583247], [499.29015254974365]]
[[41659.305584247], [499.27147006988525]]
[[41659.405584141], [499.24863624572754]]
[[41659.505585141], [499.2505588531494]]
[[41659.605585035], [499.276065826416]]
[[41659.705586035], [499.29695320129395]]
[[41659.805586035], [499.2922172546387]]
[[41659.90558693], [499.26988983154297]]
[[41660.00558793], [499.27005767822266]]
[[41660.105582826], [499.2932119369507]]
[[41660.205582826], [499.307147026062]]
[[41660.305583826], [499.28463554382324]]
[[41660.405583719], [499.2429428100586]]
[[41660.505584719], [499.2311134338379]]
[[41660.605584614], [499.25128841400146]]
[[41660.705585614], [499.2689781188965]]
[[41660.805585614], [499.2544012069702]]
[[41660.905586509], [499.2217149734497]]
[[41661.005587509], [499.2051877975464]]
[[41661.105582404], [499.2099885940552]]
[[41661.205582404], [499.24011039733887]]
[[41661.305583404], [499.2447032928467]]
[[41661.405583298], [499.21434116363525]]
[[41661.505584298], [499.1887369155884]]
[[41661.605584193], [499.1891508102417]]
[[41661.705585193], [499.20959663391113]]
[[41661.805585193], [499.2154884338379]]
[[41661.905586088], [499.19375133514404]]
[[41662.005586088], [499.16825580596924]]
[[41662.105581983], [499.17804622650146]]
[[41662.205581983], [499.2013235092163]]
[[41662.305582983], [499.20533084869385]]
[[41662.405582877], [499.194224357605]]
[[41662.505583877], [499.16380882263184]]
[[41662.605583772], [499.166522026062]]
[[41662.705584772], [499.1906318664551]]
[[41662.805584772], [499.20320224761963]]
[[41662.905585666], [499.17405891418457]]
[[41663.005586666], [499.14836978912354]]
[[41663.105581562], [499.137167930603]]
[[41663.205581562], [499.15278720855713]]
[[41663.305582562], [499.1607208251953]]
[[41663.405582456], [499.13203144073486]]
[[41663.505583456], [499.10028553009033]]
[[41663.605583351], [499.08839988708496]]
[[41663.705584351], [499.11291885375977]]
[[41663.805584351], [499.13970851898193]]
[[41663.905585246], [499.1292448043823]]
[[41664.005586246], [499.0968961715698]]
[[41664.105581141], [499.0606622695923]]
[[41664.205581141], [499.0733633041382]]
[[41664.305582141], [499.1095542907715]]
[[41664.405582035], [499.11261081695557]]
[[41664.505583035], [499.08822536468506]]
[[41664.60558293], [499.0536804199219]]
[[41664.70558393], [499.05027866363525]]
[[41664.80558393], [499.0735845565796]]
[[41664.905584825], [499.07080078125]]
[[41665.005585825], [499.04223918914795]]
[[41665.105580721], [499.01387310028076]]
[[41665.205580721], [499.02027225494385]]
[[41665.305581721], [499.0614080429077]]
[[41665.405581614], [499.08223152160645]]
[[41665.505582614], [499.06323623657227]]
[[41665.605582509], [499.03639125823975]]
[[41665.705583509], [499.0305070877075]]
[[41665.805583509], [499.0681743621826]]
[[41665.905584404], [499.1071081161499]]
[[41666.005584404], [499.0937261581421]]
[[41666.105580299], [499.0869188308716]]
[[41666.205580299], [499.08990955352783]]
[[41666.305581299], [499.119345664978]]
[[41666.405581193], [499.1487865447998]]
[[41666.505582193], [499.1357831954956]]
[[41666.605582088], [499.1176223754883]]
[[41666.705583088], [499.10318756103516]]
[[41666.805583088], [499.116099357605]]
[[41666.905583983], [499.1371793746948]]
[[41667.005584983], [499.1309280395508]]
[[41667.105579878], [499.0863027572632]]
[[41667.205579878], [499.0694646835327]]
[[41667.305580878], [499.09550762176514]]
[[41667.405580772], [499.12910556793213]]
[[41667.505581772], [499.1226854324341]]
[[41667.605581667], [499.0798578262329]]
[[41667.705582667], [499.05126953125]]
[[41667.805582667], [499.0635814666748]]
[[41667.905583562], [499.0963191986084]]
[[41668.005584562], [499.10266304016113]]
[[41668.105579458], [499.0703010559082]]
[[41668.305580458], [499.0495891571045]]
[[41668.405580352], [499.067458152771]]
[[41668.505581352], [499.07571029663086]]
[[41668.605581246], [499.04035472869873]]
[[41668.705582246], [499.0121717453003]]
[[41668.805582246], [499.0150604248047]]
[[41668.905583141], [499.05036544799805]]
[[41669.005583141], [499.0596628189087]]
[[41669.105579037], [499.03686237335205]]
[[41669.205579037], [499.0047264099121]]
[[41669.305580037], [499.0055332183838]]
[[41669.405579931], [499.03644275665283]]
[[41669.505580931], [499.0518846511841]]
[[41669.605580826], [499.01445388793945]]
[[41669.705581826], [498.9749460220337]]
[[41669.805581826], [498.96431255340576]]
[[41669.90558272], [498.98719120025635]]
[[41670.00558372], [499.01563930511475]]
[[41670.105578616], [499.0035524368286]]
[[41670.205578616], [498.9729280471802]]
[[41670.305579616], [498.9610939025879]]
[[41670.40557951], [498.9868116378784]]
[[41670.50558051], [499.0049686431885]]
[[41670.605580405], [498.98193645477295]]
[[41670.705581405], [498.95154762268066]]
[[41670.805581405], [498.94375705718994]]
[[41670.9055823], [498.96725273132324]]
[[41671.0055833], [498.9845542907715]]
[[41671.105578196], [498.9510917663574]]
[[41671.205578196], [498.90643405914307]]
[[41671.305579196], [498.88235569000244]]
[[41671.405579089], [498.89563274383545]]
[[41671.505580089], [498.8874263763428]]
[[41671.605579984], [498.85446548461914]]
[[41671.705580984], [498.8258991241455]]
[[41671.905581879], [498.87224292755127]]
[[41672.005582879], [498.87415599823]]
[[41672.105577775], [498.8241853713989]]
[[41672.205577775], [498.78429985046387]]
[[41672.305578775], [498.7825536727905]]
[[41672.405578669], [498.8014030456543]]
[[41672.505579669], [498.80429458618164]]
[[41672.605579564], [498.7590341567993]]
[[41672.705580564], [498.7185401916504]]
[[41672.805580564], [498.7099084854126]]
[[41672.905581459], [498.7402181625366]]
[[41673.005581459], [498.7681484222412]]
[[41673.105577354], [498.74700260162354]]
[[41673.205577354], [498.70966148376465]]
[[41673.305578354], [498.68788719177246]]
[[41673.405578248], [498.6852912902832]]
[[41673.505579248], [498.68346214294434]]
[[41673.605579143], [498.6484832763672]]
[[41673.705580143], [498.60118770599365]]
[[41673.805580143], [498.58028507232666]]
[[41673.905581038], [498.608491897583]]
[[41674.005582038], [498.63232231140137]]
[[41674.105576934], [498.6334857940674]]
[[41674.205576934], [498.6039695739746]]
[[41674.305577934], [498.578200340271]]
[[41674.405577828], [498.58702087402344]]
[[41674.505578828], [498.5691041946411]]
[[41674.605578723], [498.54088973999023]]
[[41674.705579723], [498.5085563659668]]
[[41674.805579723], [498.49854850769043]]
[[41674.905580617], [498.5357942581177]]
[[41675.005581617], [498.5626630783081]]
[[41675.105576513], [498.56095600128174]]
[[41675.205576513], [498.53484439849854]]
[[41675.305577513], [498.52030754089355]]
[[41675.405577407], [498.53786849975586]]
[[41675.505578407], [498.55029296875]]
[[41675.605578302], [498.5463056564331]]
[[41675.705579302], [498.5169200897217]]
[[41675.805579302], [498.49770641326904]]
[[41675.905580197], [498.5103998184204]]
[[41676.005581197], [498.5387935638428]]
[[41676.105576093], [498.5328063964844]]
[[41676.205576093], [498.50738620758057]]
[[41676.305577093], [498.48551750183105]]
[[41676.405576987], [498.4686584472656]]
[[41676.505577987], [498.48246479034424]]
[[41676.605577881], [498.4779510498047]]
[[41676.705578881], [498.45104789733887]]
[[41676.805578881], [498.4221353530884]]
[[41676.905579776], [498.4038715362549]]
[[41677.005579776], [498.41163444519043]]
[[41677.105575672], [498.4147615432739]]
[[41677.205575672], [498.39193058013916]]
[[41677.305576672], [498.35744857788086]]
[[41677.405576566], [498.33269596099854]]
[[41677.505577566], [498.34978199005127]]
[[41677.605577461], [498.35025119781494]]
[[41677.705578461], [498.32789039611816]]
[[41677.805578461], [498.29439067840576]]
[[41677.905579356], [498.2723340988159]]
[[41678.005580356], [498.2846460342407]]
[[41678.105575252], [498.30359077453613]]
[[41678.205575252], [498.30055713653564]]
[[41678.305576252], [498.29162406921387]]
[[41678.605577041], [498.27373027801514]]
[[41678.705578041], [498.2464017868042]]
[[41678.805578041], [498.20591163635254]]
[[41678.905578936], [498.150652885437]]
[[41679.005579936], [498.14432525634766]]
[[41679.105574832], [498.13585472106934]]
[[41679.205574832], [498.12314891815186]]
[[41679.305575832], [498.095664024353]]
[[41679.405575726], [498.0698404312134]]
[[41679.505576726], [498.0770149230957]]
[[41679.605576621], [498.08893299102783]]
[[41679.705577621], [498.0680446624756]]
[[41679.805577621], [498.0328006744385]]
[[41679.905578516], [498.02652168273926]]
[[41680.005578516], [498.0371723175049]]
[[41680.105574412], [498.0708541870117]]
[[41680.205574412], [498.0605058670044]]
[[41680.305575412], [498.02706718444824]]
[[41680.405575306], [498.0120038986206]]
[[41680.505576306], [498.0064334869385]]
[[41680.605576201], [498.03537940979004]]
[[41680.705577201], [498.0363721847534]]
[[41680.805577201], [498.00747871398926]]
[[41680.905578096], [497.9939193725586]]
[[41681.005579096], [497.98908042907715]]
[[41681.105573992], [498.02860260009766]]
[[41681.205573992], [498.0332098007202]]
[[41681.305574992], [498.00891399383545]]
[[41681.405574886], [497.9927158355713]]
[[41681.505575886], [497.9966278076172]]
[[41681.605575781], [498.03110790252686]]
[[41681.705576781], [498.04066467285156]]
[[41681.805576781], [498.0254907608032]]
[[41681.905577676], [498.0110721588135]]
[[41682.005578676], [498.0063638687134]]
[[41682.105573572], [498.0477590560913]]
[[41682.205573572], [498.07410526275635]]
[[41682.305574572], [498.0762357711792]]
[[41682.405574466], [498.04622077941895]]
[[41682.505575466], [498.01500034332275]]
[[41682.605575361], [498.00713634490967]]
[[41682.705576361], [498.0097417831421]]
[[41682.805576361], [497.9946632385254]]
[[41682.905577256], [497.9685535430908]]
[[41683.005578256], [497.9360980987549]]
[[41683.105573152], [497.91321849823]]
[[41683.205573152], [497.8909511566162]]
[[41683.305574152], [497.8566827774048]]
[[41683.405574046], [497.79969120025635]]
[[41683.505575046], [497.7346067428589]]
[[41683.605574941], [497.655029296875]]
[[41683.705575941], [497.5764904022217]]
[[41683.805575941], [497.5030517578125]]
[[41683.905576836], [497.42560482025146]]
[[41684.005576836], [497.3748607635498]]
[[41684.105572732], [497.3342170715332]]
[[41684.205572732], [497.3171787261963]]
[[41684.305573732], [497.3146724700928]]
[[41684.405573626], [497.2966938018799]]
[[41684.505574626], [497.2924852371216]]
[[41684.605574521], [497.2772579193115]]
[[41684.705575521], [497.2757215499878]]
[[41684.805575521], [497.2741508483887]]
[[41684.905576417], [497.26051235198975]]
[[41685.005577417], [497.25848865509033]]
[[41685.105572313], [497.24886417388916]]
[[41685.205572313], [497.2464838027954]]
[[41685.305573313], [497.24402713775635]]
[[41685.405573207], [497.23901176452637]]
[[41685.505574207], [497.2364864349365]]
[[41685.605574102], [497.2372751235962]]
[[41685.705575102], [497.2348003387451]]
[[41685.805575102], [497.2327175140381]]
[[41685.905575997], [497.2406349182129]]
[[41686.005576997], [497.2390480041504]]
[[41686.105571893], [497.2472343444824]]
[[41686.205571893], [497.24633598327637]]
[[41686.305572893], [497.24549674987793]]
[[41686.405572787], [497.254825592041]]
[[41686.505573787], [497.2547721862793]]
[[41686.605573682], [497.2639331817627]]
[[41686.705574682], [497.264612197876]]
[[41686.805574682], [497.26530170440674]]
[[41686.905575577], [497.2752733230591]]
[[41687.005575577], [497.2767143249512]]
[[41687.105571473], [497.27816009521484]]
[[41687.205571473], [497.2794408798218]]
[[41687.305572473], [497.2809057235718]]
[[41687.405572367], [497.2779312133789]]
[[41687.505573367], [497.2790775299072]]
[[41687.605573262], [497.2802686691284]]
[[41687.705574262], [497.27490615844727]]
[[41687.805574262], [497.2756471633911]]
[[41687.905575157], [497.2727451324463]]
[[41688.005576157], [497.2732820510864]]
[[41688.105571053], [497.2738275527954]]
[[41688.205571053], [497.27229022979736]]
[[41688.305572053], [497.27270889282227]]
[[41688.405571947], [497.27377796173096]]
[[41688.505572947], [497.2742805480957]]
[[41688.605572843], [497.27481842041016]]
[[41688.705573843], [497.274977684021]]
[[41688.805573843], [497.27553939819336]]
[[41688.905574738], [497.27527713775635]]
[[41689.005575738], [497.27584171295166]]
[[41689.105570634], [497.2764539718628]]
[[41689.205570634], [497.270094871521]]
[[41689.305571634], [497.2702941894531]]
[[41689.405571528], [497.2645778656006]]
[[41689.505572528], [497.2643938064575]]
[[41689.605572423], [497.264271736145]]
[[41689.705573423], [497.2596244812012]]
[[41689.805573423], [497.25919246673584]]
[[41689.905574318], [497.25825214385986]]
[[41690.005575318], [497.2578115463257]]
[[41690.105570214], [497.2513608932495]]
[[41690.205570214], [497.25053119659424]]
[[41690.305571214], [497.249719619751]]
[[41690.405571108], [497.2437686920166]]
[[41690.505572108], [497.24263191223145]]
[[41690.605572003], [497.2415027618408]]
[[41690.705573003], [497.2384738922119]]
[[41690.805573003], [497.2371950149536]]
[[41690.905573898], [497.2367467880249]]
[[41691.005573898], [497.2355260848999]]
[[41691.105569795], [497.2343416213989]]
[[41691.205569795], [497.2338628768921]]
[[41691.305570795], [497.2328224182129]]
[[41691.405570689], [497.2335443496704]]
[[41691.505571689], [497.23265743255615]]
[[41691.605571584], [497.2317895889282]]
[[41691.705572584], [497.23505210876465]]
[[41691.805572584], [497.2344846725464]]
[[41691.905573479], [497.23637866973877]]
[[41692.005574479], [497.2360715866089]]
[[41692.105569375], [497.2357749938965]]
[[41692.205569375], [497.23661708831787]]
[[41692.305570375], [497.23644256591797]]
[[41692.405570269], [497.23794651031494]]
[[41692.505571269], [497.2379379272461]]
[[41692.605571269], [497.2379684448242]]
[[41692.805572164], [497.2369508743286]]
[[41692.905573059], [497.23816776275635]]
[[41693.005574059], [497.23835468292236]]
[[41693.105568955], [497.2385673522949]]
[[41693.205568955], [497.239107131958]]
[[41693.305569955], [497.23934268951416]]
[[41693.405569849], [497.23952198028564]]
[[41693.505570849], [497.23979663848877]]
[[41693.605570745], [497.2400999069214]]
[[41693.805571745], [497.2400493621826]]
[[41694.00557364], [497.23913860321045]]
[[41694.105568536], [497.239426612854]]
[[41694.205568536], [497.23853302001953]]
[[41694.305569536], [497.23882961273193]]
[[41694.40556943], [497.2369632720947]]
[[41694.605570325], [497.2390604019165]]
[[41694.705571325], [497.23937797546387]]
[[41694.805571325], [497.2397241592407]]
[[41694.90557222], [497.24116802215576]]
[[41695.105568117], [497.2421522140503]]
[[41695.305569117], [497.2425289154053]]
