0.0061588287353515625
0.040850162506103516
0.005143165588378906
0.005262851715087891
0.05636167526245117
0.042174339294433594
0.0665895938873291
0.0398249626159668
0.18558835983276367
0.013949871063232422
0.1824026107788086
0.03325057029724121
0.15787601470947266
0.07813334465026855
0.1092977523803711
0.13090252876281738
0.24126601219177246
0.014394521713256836
0.7913675308227539
0.591707706451416
0.0797433853149414
0.7083737850189209
0.5967733860015869
0.6798009872436523
0.11650323867797852
4.796900987625122
4.197738885879517
0.9967412948608398
6.997542858123779
0.3413074016571045
5.014585494995117
1.5973587036132812
2.111392021179199
0.2483510971069336
0.0149383544921875
1.7754826545715332
4.918702602386475
1.2491378784179688
0.014765501022338867
0.964390754699707
0.015050649642944336
1.7320404052734375
2.8640711307525635
6.381757736206055
0.010955095291137695
3.7113492488861084
0.06387186050415039
5.797155380249023
5.634179353713989
1.7411024570465088
0.014888286590576172
3.533601760864258
0.06125164031982422
6.68437385559082
7.381673336029053
0.012292623519897461
1.3969757556915283
0.08113360404968262
4.381763935089111
0.011677265167236328
